Belarus  (3042,544)  (3092,544)  (2991,542)  (3039,591)  (3089,595)  (2986,592)  (2969,643)  (3022,642)  (3124,640)
54 Sea Zone  (6071,2696)  (6123,2695)  (6115,2642)  (6065,2644)  (6002,2641)  (5953,2626)  (5903,2605)  (5958,2691)  (6034,2760)  (6103,2762)  (6083,2818)
Philippines  (5267,2091)  (5318,2080)  (5212,1976)  (5204,1881)  (5307,2125)
Portuguese Guinea  (1616,1904)
Morocco  (1798,1600)  (1750,1600)  (1846,1600)
15 Sea Zone  (6619,751)  (6573,796)  (6573,750)  (6664,797)  (6619,705)  (6665,705)  (6665,751)  (6571,704)  (6618,842)  (6572,842)  (6527,796)  (6527,750)  (6710,797)  (6710,843)  (6664,843)  (6526,843)  (6617,659)  (6663,659)  (6709,659)  (6711,705)  (6711,751)  (6525,704)  (6525,658)  (6571,658)  (6618,888)  (6572,888)  (6746,889)  (6700,889)  (6526,889)  (6617,613)  (6663,613)  (6709,613)  (6518,612)  (6564,612)  (6654,934)  (6608,934)  (6746,935)  (6700,935)  (6562,935)
Queensland  (5871,2761)  (5825,2806)  (5825,2760)  (5916,2807)  (5783,2764)  (5780,2817)  (5874,2812)  (5924,2758)
Gilbert Islands  (6465,2126)
Karelia  (2861,235)  (2906,233)  (2873,282)
119 Sea Zone  (1767,263)  (1721,308)  (1721,262)  (1812,309)  (1767,217)  (1813,217)  (1813,263)  (1719,216)  (1727,354)  (1681,354)  (1675,308)  (1675,262)  (1858,309)  (1765,171)  (1811,171)  (1857,171)  (1859,217)  (1859,263)  (1673,216)  (1673,170)  (1719,170)  (1886,355)  (1905,213)
124 Sea Zone  (1904,27)  (1858,72)  (1858,26)  (1949,73)  (1950,0)  (1812,98)  (1812,52)  (1812,6)  (1995,46)  (1995,92)  (1996,0)  (1766,98)  (1766,52)  (1766,6)  (2041,46)  (2041,92)  (2042,0)  (1720,98)  (1720,52)  (1720,6)  (2087,46)  (2087,92)  (2088,0)
Afghanistan  (3755,1678)  (3802,1679)  (3706,1679)  (3724,1731)  (3731,1597)  (3779,1610)
113 Sea Zone  (2446,543)  (2496,543)  (2444,591)  (2420,474)  (2492,592)
France  (2115,935)  (2164,935)  (2065,935)  (2100,984)  (2150,984)  (2049,984)  (2079,1033)  (2028,1034)  (2128,1034)
41 Sea Zone  (4264,2578)  (4218,2623)  (4218,2577)  (4309,2624)  (4264,2532)  (4310,2532)  (4310,2578)  (4216,2531)  (4263,2669)  (4217,2669)  (4172,2623)  (4172,2577)  (4355,2624)  (4355,2670)  (4309,2670)  (4171,2670)  (4262,2486)  (4308,2486)  (4356,2531)  (4356,2577)  (4170,2531)  (4170,2485)  (4216,2485)  (4263,2715)  (4217,2715)  (4126,2624)  (4126,2578)  (4401,2623)  (4401,2669)  (4401,2715)  (4355,2716)  (4309,2716)  (4171,2716)  (4125,2716)  (4125,2670)  (4262,2440)  (4124,2532)  (4124,2486)  (4124,2440)  (4170,2439)  (4216,2439)  (4080,2624)  (4080,2578)  (4447,2588)  (4447,2634)  (4447,2680)  (4447,2726)  (4079,2754)  (4079,2708)  (4079,2394)  (4078,2532)  (4078,2486)  (4078,2440)  (4125,2393)  (4171,2393)  (4217,2393)  (4493,2614)  (4493,2660)  (4493,2706)  (4493,2752)  (4076,2348)  (4122,2347)  (4168,2347)  (4214,2347)  (4318,2336)  (4260,2331)  (4539,2630)  (4539,2676)  (4539,2722)
Bryansk  (3234,768)  (3181,767)  (3284,768)  (3184,816)  (3233,818)  (3284,818)  (3247,866)
40 Sea Zone  (3973,2566)  (4018,2612)  (4027,2564)  (3963,2623)  (4038,2495)  (3984,2492)  (3977,2448)  (4026,2442)  (3963,2676)  (4019,2663)  (4055,2699)  (4022,2712)  (3959,2737)  (4022,2761)
4 Sea Zone  (6356,278)  (6310,323)  (6310,277)  (6401,324)  (6356,232)  (6402,232)  (6402,278)  (6308,231)  (6355,369)  (6309,369)  (6264,323)  (6264,277)  (6447,324)  (6447,370)  (6401,370)  (6263,370)  (6354,186)  (6400,186)  (6446,186)  (6448,232)  (6448,278)  (6262,231)  (6262,185)  (6308,185)  (6413,140)  (6459,140)
Ceylon  (3945,2172)  (3926,2218)  (3974,2217)
18 Sea Zone  (5609,1310)  (5563,1355)  (5563,1309)  (5654,1356)  (5609,1264)  (5655,1264)  (5655,1310)  (5561,1263)  (5517,1367)  (5517,1321)  (5700,1356)  (5701,1263)  (5701,1309)  (5515,1275)  (5471,1367)  (5471,1321)  (5746,1355)  (5747,1263)  (5747,1309)  (5469,1275)
123 Sea Zone  (1364,1)  (1364,47)  (1364,93)  (1410,0)  (1410,46)  (1410,92)  (1456,0)  (1456,46)  (1456,92)  (1621,96)  (1631,0)  (1645,46)
65 Sea Zone  (339,2409)  (293,2454)  (293,2408)  (384,2455)  (339,2363)  (385,2363)  (385,2409)  (291,2362)  (338,2500)  (292,2500)  (247,2454)  (247,2408)  (430,2455)  (430,2501)  (384,2501)  (246,2501)  (337,2317)  (383,2317)  (429,2317)  (431,2363)  (431,2409)  (245,2362)  (245,2316)  (291,2316)  (475,2273)  (338,2546)  (292,2546)  (201,2455)  (201,2409)  (476,2455)  (476,2501)  (476,2547)  (430,2547)  (384,2547)  (246,2547)  (200,2547)  (200,2501)  (337,2271)  (383,2271)  (429,2271)  (477,2319)  (477,2365)  (199,2363)  (199,2317)  (199,2271)  (245,2270)  (291,2270)  (475,2227)  (521,2227)  (521,2273)  (338,2592)  (292,2592)  (155,2455)  (155,2409)  (522,2411)  (522,2457)  (522,2503)  (522,2549)  (476,2593)  (430,2593)  (384,2593)  (246,2593)  (200,2593)  (154,2593)  (154,2547)  (154,2501)  (395,2225)  (523,2319)  (523,2365)  (153,2363)  (153,2317)  (153,2271)  (524,2595)  (441,2181)  (487,2181)  (533,2181)  (567,2227)  (567,2273)  (109,2455)  (109,2409)  (568,2411)  (568,2457)  (568,2503)  (568,2549)  (108,2613)  (108,2567)  (108,2521)  (569,2319)  (569,2365)  (107,2363)  (107,2317)  (107,2271)  (570,2595)  (579,2169)  (485,2135)  (531,2135)  (613,2215)  (613,2261)  (63,2475)  (63,2429)  (614,2411)  (614,2457)  (614,2503)  (614,2549)  (62,2613)  (62,2567)  (62,2521)  (615,2307)  (615,2353)  (61,2383)  (61,2337)  (61,2291)  (61,2245)  (616,2595)  (577,2123)  (623,2123)  (625,2169)  (531,2089)  (659,2215)  (659,2261)  (17,2475)  (17,2429)  (660,2399)  (660,2445)  (660,2491)  (660,2537)  (16,2613)  (16,2567)  (16,2521)  (661,2307)  (661,2353)  (15,2383)  (15,2337)  (15,2291)  (15,2245)  (662,2583)  (671,2160)
46 Sea Zone  (5845,2333)  (5799,2356)  (5799,2310)  (5845,2287)  (5891,2287)  (5891,2333)  (5899,2379)  (5780,2264)  (5826,2241)  (5872,2241)  (5985,2458)  (6015,2504)  (5877,2512)  (6031,2458)
84 Sea Zone  (1471,2432)  (1425,2477)  (1425,2431)  (1516,2478)  (1471,2386)  (1517,2386)  (1517,2432)  (1423,2385)  (1470,2523)  (1424,2523)  (1379,2477)  (1379,2431)  (1562,2478)  (1562,2524)  (1516,2524)  (1378,2524)  (1469,2340)  (1515,2340)  (1561,2340)  (1563,2386)  (1563,2432)  (1377,2385)  (1377,2339)  (1423,2339)  (1470,2569)  (1424,2569)  (1594,2570)  (1548,2570)  (1378,2570)  (1469,2294)  (1515,2294)  (1561,2294)  (1352,2293)  (1398,2293)  (1502,2615)  (1456,2615)  (1594,2616)  (1548,2616)  (1410,2616)  (1364,2616)  (1444,2248)  (1490,2248)  (1536,2248)  (1582,2248)  (1352,2247)  (1398,2247)  (1502,2661)  (1456,2661)  (1594,2662)  (1548,2662)  (1410,2662)  (1364,2662)  (1444,2202)  (1490,2202)  (1536,2202)  (1582,2202)  (1372,2201)  (1418,2156)  (1464,2156)  (1510,2156)  (1556,2156)
61 Sea Zone  (5606,3077)  (5560,3122)  (5560,3076)  (5651,3123)  (5606,3031)  (5652,3031)  (5652,3077)  (5558,3030)  (5514,3166)  (5514,3120)  (5697,3123)  (5604,2985)  (5698,3067)  (5512,3074)  (5512,3028)  (5743,3113)  (5743,3159)  (5744,3067)
26 Sea Zone  (6764,1545)  (6718,1590)  (6718,1544)  (6809,1591)  (6764,1499)  (6810,1499)  (6810,1545)  (6716,1498)  (6763,1636)  (6717,1636)  (6672,1590)  (6672,1544)  (6855,1591)  (6855,1637)  (6809,1637)  (6671,1637)  (6762,1453)  (6808,1453)  (6856,1511)  (6670,1498)  (6670,1452)  (6716,1452)  (6894,1415)  (6626,1591)  (6626,1545)  (6901,1557)  (6901,1603)  (6901,1649)  (6625,1679)  (6624,1499)  (6624,1453)  (6624,1407)  (6670,1406)  (6716,1406)  (6846,1393)  (6892,1369)  (6938,1369)  (6940,1415)  (6580,1633)  (6580,1587)  (6947,1527)  (6947,1573)  (6947,1619)  (6947,1665)  (6579,1679)  (6578,1541)  (6578,1495)  (6578,1449)  (6578,1403)  (6949,1461)  (6984,1362)  (6986,1408)  (6993,1507)  (6993,1553)  (6993,1599)  (6993,1645)  (6995,1454)  (7030,1362)  (7032,1408)  (7039,1500)  (7039,1546)  (7039,1592)  (7039,1638)  (7041,1454)
122 Sea Zone  (1189,41)  (1143,86)  (1143,40)  (1234,87)  (1235,0)  (1097,98)  (1097,52)  (1097,6)  (1280,46)  (1280,92)  (1281,0)
Victoria  (5842,3039)  (5793,3021)  (5937,3048)
Paulau Island  (5623,2096)
Line Islands  (7205,1893)  (7253,1925)  (7254,1877)
Normandy Bordeaux  (1957,900)  (1958,948)  (1950,995)  (1934,1047)  (1916,1096)  (2047,815)  (2087,782)
Dzavhan  (4353,527)  (4332,479)  (4516,491)  (4566,468)  (4566,511)  (4411,546)
West Indies  (765,1326)  (691,1295)  (649,1267)  (610,1244)  (572,1228)
Evenkiyskiy  (4132,110)  (4181,108)  (4081,114)  (4093,161)  (4151,159)  (4106,215)  (4162,221)  (4119,271)  (4069,278)  (4069,314)  (4126,339)  (4174,268)
29 Sea Zone  (7218,2013)  (7172,2058)  (7172,2012)  (7263,2059)  (7218,1967)  (7264,1967)  (7264,2013)  (7170,1966)  (7217,2104)  (7171,2104)  (7126,2058)  (7126,2012)  (7309,2059)  (7309,2105)  (7263,2105)  (7122,2112)  (7125,2160)
French Central Africa  (2185,1989)  (2139,2034)  (2139,1988)  (2230,2035)  (2185,1943)  (2231,1943)  (2231,1989)  (2137,1942)  (2093,2070)  (2203,1897)  (2249,1897)  (2277,1943)  (2295,1879)  (2323,1925)  (2341,1869)  (2369,1915)  (2408,1869)
Belgian Congo  (2595,2589)  (2549,2634)  (2549,2588)  (2640,2635)  (2595,2543)  (2641,2543)  (2641,2589)  (2547,2542)  (2594,2680)  (2548,2680)  (2503,2634)  (2503,2588)  (2686,2668)  (2640,2681)  (2502,2681)  (2593,2497)  (2639,2497)  (2687,2546)  (2501,2542)  (2501,2496)  (2547,2496)  (2693,2714)  (2594,2726)  (2647,2727)  (2456,2714)  (2652,2451)
Mexico  (7547,809)  (7651,811)  (7600,894)  (7651,894)  (7642,1003)  (7487,800)  (7498,877)  (7525,943)
Western Germany  (2333,772)  (2382,771)  (2297,823)  (2345,822)  (2393,822)  (2297,871)  (2345,870)  (2393,870)  (2296,918)  (2344,915)  (2387,917)  (2374,965)
76 Sea Zone  (3208,2434)  (3162,2479)  (3162,2433)  (3253,2480)  (3208,2388)  (3254,2388)  (3254,2434)  (3160,2387)  (3207,2525)  (3161,2525)  (3116,2479)  (3116,2433)  (3299,2480)  (3299,2526)  (3253,2526)  (3206,2342)  (3252,2342)  (3298,2342)  (3300,2388)  (3300,2434)  (3070,2472)  (3243,2296)  (3289,2296)  (3245,2250)  (3291,2250)  (3190,2231)  (3236,2204)  (3282,2204)  (3296,2158)  (3084,2150)  (3071,2104)
New Britain  (6000,2393)  (5958,2403)  (6049,2375)
118 Sea Zone  (1502,271)  (1456,316)  (1456,270)  (1547,317)  (1502,225)  (1548,225)  (1548,271)  (1454,224)  (1501,362)  (1455,362)  (1593,317)  (1593,363)  (1547,363)  (1500,179)  (1546,179)  (1592,179)  (1594,225)  (1594,271)  (1411,178)  (1501,408)  (1455,408)  (1608,409)  (1562,409)
28 Sea Zone  (7528,1794)  (7482,1839)  (7482,1793)  (7573,1840)  (7528,1748)  (7574,1748)  (7574,1794)  (7480,1747)  (7527,1885)  (7481,1885)  (7436,1839)  (7436,1793)  (7619,1840)  (7619,1886)  (7573,1886)  (7435,1886)  (7526,1702)  (7572,1702)  (7618,1702)  (7620,1748)  (7620,1794)  (7434,1747)  (7434,1701)  (7480,1701)  (7664,1658)  (7527,1931)  (7481,1931)  (7665,1840)  (7665,1886)  (7665,1932)  (7619,1932)  (7573,1932)  (7435,1932)  (7526,1656)  (7572,1656)  (7618,1656)  (7666,1704)  (7666,1750)  (7392,1655)  (7438,1655)  (7664,1612)  (7527,1977)  (7481,1977)  (7666,1978)  (7620,1978)  (7574,1978)  (7435,1978)  (7484,1610)  (7530,1610)  (7576,1610)  (7392,1609)  (7438,1609)  (7622,1566)  (7528,2023)  (7482,2023)  (7666,2024)  (7620,2024)  (7574,2024)  (7436,2024)  (7484,1564)  (7530,1564)  (7576,1564)  (7392,1563)  (7438,1563)  (7622,1520)  (7528,2069)  (7482,2069)  (7666,2070)  (7620,2070)  (7574,2070)  (7436,2070)  (7484,1518)  (7530,1518)  (7576,1518)  (7392,1517)  (7438,1517)
23 Sea Zone  (6081,1580)  (6035,1625)  (6035,1579)  (6126,1626)  (6081,1534)  (6127,1534)  (6127,1580)  (6033,1533)  (6080,1671)  (6034,1671)  (5989,1625)  (5989,1579)  (6172,1626)  (6172,1672)  (6126,1672)  (5988,1672)  (6079,1488)  (6125,1488)  (6171,1488)  (6173,1534)  (6173,1580)  (5987,1533)  (5987,1487)  (6033,1487)  (6080,1717)  (6034,1717)  (6206,1718)  (6160,1718)  (5988,1718)  (6079,1442)  (6125,1442)  (6171,1442)  (5974,1441)  (6020,1441)  (6114,1763)  (6068,1763)  (6206,1764)  (6160,1764)  (6022,1764)  (5976,1764)
Marshall Islands  (6360,1827)  (6360,1779)  (6399,1874)
Wake Island  (6278,1510)
Iceland  (1552,65)  (1600,65)  (1505,65)
Southern France  (2077,1156)  (2026,1156)  (1974,1156)  (2128,1155)
104 Sea Zone  (1633,980)  (1587,1025)  (1587,979)  (1678,1026)  (1633,934)  (1679,934)  (1679,980)  (1585,933)  (1632,1071)  (1586,1071)  (1724,1026)  (1724,1072)  (1631,888)  (1677,888)  (1723,888)  (1725,934)  (1725,980)  (1556,887)  (1618,1117)  (1572,1117)  (1602,842)  (1648,842)  (1694,842)  (1556,841)  (1619,1163)  (1573,1163)  (1602,796)  (1648,796)  (1694,796)  (1556,795)  (1740,786)  (1631,1209)  (1585,1209)  (1602,750)  (1648,750)  (1694,750)  (1556,749)  (1740,740)
95 Sea Zone  (2302,1340)  (2254,1387)  (2299,1387)  (2345,1389)  (2393,1403)  (2291,1435)  (2326,1474)  (2363,1491)
Kweichow  (4430,1394)  (4384,1439)  (4384,1393)  (4475,1440)  (4480,1404)  (4525,1398)  (4524,1347)  (4575,1348)  (4575,1393)  (4427,1444)  (4405,1492)  (4346,1483)  (4336,1431)  (4336,1378)  (4326,1342)  (4529,1452)
87 Sea Zone  (1513,1911)  (1467,1956)  (1467,1910)  (1558,1957)  (1513,1865)  (1559,1865)  (1559,1911)  (1465,1864)  (1512,2002)  (1466,2002)  (1581,2003)  (1511,1819)  (1557,1819)  (1449,1818)  (1535,2048)  (1489,2048)  (1597,2049)  (1495,1773)  (1541,1773)  (1449,1772)  (1587,1759)
16 Sea Zone  (6265,855)  (6219,900)  (6219,854)  (6310,901)  (6265,809)  (6311,809)  (6311,855)  (6217,808)  (6264,946)  (6218,946)  (6173,900)  (6173,854)  (6356,901)  (6356,947)  (6310,947)  (6172,947)  (6263,763)  (6309,763)  (6355,763)  (6357,809)  (6357,855)  (6171,808)  (6171,762)  (6217,762)  (6401,733)  (6264,992)  (6218,992)  (6127,901)  (6127,855)  (6402,901)  (6402,947)  (6402,993)  (6356,993)  (6310,993)  (6172,993)  (6126,993)  (6126,947)  (6403,779)  (6403,825)  (6125,809)  (6125,763)  (6447,733)  (6448,871)  (6448,917)  (6448,963)  (6449,779)  (6449,825)
106 Sea Zone  (993,639)  (947,684)  (947,638)  (1038,685)  (993,593)  (1039,593)  (1039,639)  (947,570)  (992,730)  (946,730)  (901,684)  (1084,685)  (1084,731)  (1038,731)  (900,731)  (993,547)  (1039,547)  (1085,547)  (1085,593)  (1085,639)  (886,533)  (932,524)  (978,501)  (1024,501)  (1070,501)  (1116,501)  (1016,455)  (1062,455)  (1108,455)
British Somaliland  (3087,2281)
Soviet Far East  (6213,113)  (6264,112)  (6165,113)  (6120,134)  (6169,161)  (6141,68)  (6187,63)  (6239,59)  (6456,61)  (6508,61)  (6560,52)  (6550,8)  (6511,8)  (6450,10)  (6402,16)  (6237,14)  (6184,16)  (6150,16)
51 Sea Zone  (7482,2402)  (7432,2456)  (7487,2467)  (7360,2523)  (7408,2527)  (7467,2530)  (7377,2474)  (7403,2389)  (7455,2329)  (7513,2345)  (7540,2442)  (7539,2407)  (7544,2515)  (7535,2572)  (7342,2609)  (7354,2665)  (7420,2686)  (7492,2681)  (7554,2638)
Burma  (4195,1926)  (4147,1924)  (4144,1974)  (4194,1973)  (4161,2022)  (4266,1856)  (4271,1810)  (4315,1786)  (4209,2018)
86 Sea Zone  (1364,2026)  (1318,2071)  (1403,2072)  (1355,1980)  (1401,1980)  (1357,2117)  (1311,2117)  (1356,1934)  (1402,1934)  (1318,2163)  (1272,2163)  (1344,1888)  (1390,1888)  (1298,1860)  (1344,1842)  (1390,1842)  (1237,1834)  (1188,1824)  (1283,1814)
Alexandria  (2722,1727)  (2772,1726)  (2731,1776)  (2782,1776)  (2745,1826)  (2795,1826)
Pripet Marshes  (3053,734)  (3099,726)  (3006,698)
Nenetsia  (3361,129)  (3410,128)  (3360,180)  (3410,180)  (3359,230)  (3464,124)  (3519,123)
67 Sea Zone  (1122,2887)  (1076,2932)  (1076,2886)  (1167,2933)  (1122,2841)  (1168,2841)  (1168,2887)  (1074,2840)  (1121,2978)  (1075,2978)  (1030,2932)  (1030,2886)  (1213,2933)  (1213,2979)  (1167,2979)  (1029,2979)  (1120,2795)  (1166,2795)  (1212,2795)  (1214,2841)  (1214,2887)  (1028,2840)  (1028,2794)  (1074,2794)  (1258,2751)  (1121,3024)  (1075,3024)  (984,2933)  (984,2887)  (1259,2933)  (1259,2979)  (1259,3025)  (1213,3025)  (1167,3025)  (1029,3025)  (983,3025)  (983,2979)  (1120,2749)  (1166,2749)  (1212,2749)  (1260,2797)  (1260,2843)  (982,2841)  (982,2795)  (982,2749)  (1028,2748)  (1074,2748)  (1258,2705)  (1304,2705)  (1304,2751)  (1121,3070)  (1075,3070)  (1305,2889)  (1305,2935)  (1305,2981)  (1305,3027)  (1259,3071)  (1213,3071)  (1167,3071)  (1029,3071)  (983,3071)  (973,2703)  (1120,2703)  (1166,2703)  (1212,2703)  (1306,2797)  (1306,2843)  (1019,2702)  (1065,2702)  (1306,3073)  (1258,2659)  (1304,2659)  (1121,3116)  (1075,3116)  (1260,3117)  (1214,3117)  (1168,3117)  (1029,3117)  (983,3117)  (1306,3119)  (1122,3162)  (1076,3162)  (1260,3163)  (1214,3163)  (1168,3163)  (1030,3163)  (984,3163)  (1306,3165)
89 Sea Zone  (229,1106)  (233,1152)  (245,1198)  (279,1147)  (291,1193)  (428,1341)  (443,1294)  (459,1247)  (474,1340)  (489,1293)  (520,1339)  (522,1536)  (538,1475)  (547,1385)  (556,1268)  (566,1328)  (568,1521)  (584,1431)  (593,1374)  (614,1477)  (614,1523)  (630,1420)  (639,1371)  (645,1211)  (660,1466)  (660,1512)  (676,1417)  (685,1335)  (691,1211)  (706,1463)  (721,1257)  (722,1384)  (737,1211)  (740,1509)  (752,1430)  (783,1211)  (786,1476)  (786,1522)  (798,1393)  (829,1230)  (832,1439)  (832,1485)  (832,1531)  (851,1276)  (878,1426)  (878,1472)  (878,1518)  (888,1322)  (891,1564)  (924,1426)  (924,1505)  (934,1292)  (934,1338)  (970,1472)  (970,1518)  (980,1292)  (980,1338)  (981,1384)  (1016,1430)  (1016,1476)  (1016,1522)  (1026,1292)  (1026,1338)  (1027,1384)  (1062,1430)  (1062,1476)  (1062,1522)  (1072,1292)  (1072,1338)  (1073,1384)
New Brunswick Nova Scotia  (804,522)  (852,521)  (993,516)  (1035,518)
43 Sea Zone  (4914,2186)  (4954,2172)  (5009,2208)  (5046,2166)  (4827,2267)  (4782,2285)  (4798,2443)  (4845,2447)  (4892,2448)
74 Sea Zone  (3801,3092)  (3755,3137)  (3755,3091)  (3846,3138)  (3847,3050)  (3709,3166)  (3709,3120)  (3709,3074)  (3892,3096)  (3892,3142)  (3893,3050)  (3938,3096)  (3938,3142)
102 Sea Zone  (1009,988)  (963,1033)  (963,987)  (1054,1034)  (1009,942)  (1055,942)  (1055,988)  (961,941)  (1008,1079)  (962,1079)  (917,1033)  (917,987)  (1100,1034)  (1100,1080)  (1054,1080)  (916,1080)  (1007,896)  (1053,896)  (1099,896)  (1101,942)  (1101,988)  (915,941)  (915,895)  (961,895)  (1145,852)  (1008,1125)  (962,1125)  (871,1034)  (871,988)  (1146,1034)  (1146,1080)  (1146,1126)  (1100,1126)  (1054,1126)  (916,1126)  (870,1126)  (870,1080)  (1007,850)  (1053,850)  (1099,850)  (1147,898)  (1147,944)  (869,942)  (869,896)  (869,850)  (915,849)  (961,849)  (1145,806)  (1008,1171)  (962,1171)  (1171,1172)  (1125,1172)  (1079,1172)  (916,1172)  (870,1172)  (856,804)  (1007,804)  (1053,804)  (1099,804)  (902,803)  (948,803)  (1033,1217)  (987,1217)  (1171,1218)  (1125,1218)  (1079,1218)  (941,1218)
Urals  (3713,143)  (3759,142)  (3712,191)  (3761,190)  (3809,140)  (3810,190)  (3856,143)  (3856,191)
93 Sea Zone  (1955,1339)  (1978,1293)  (2002,1228)  (2024,1274)  (2048,1219)  (2061,1320)  (2070,1265)  (2107,1311)  (2116,1229)  (2153,1275)  (2153,1321)
66 Sea Zone  (401,2752)  (452,2751)  (364,2801)  (416,2802)  (470,2802)  (347,2745)  (344,2690)  (397,2696)  (457,2696)  (511,2698)  (509,2750)  (527,2805)  (303,2800)  (282,2742)  (285,2686)  (568,2691)  (570,2749)  (585,2802)  (239,2801)  (221,2743)  (221,2692)  (627,2693)  (629,2748)  (636,2806)  (633,2862)
85 Sea Zone  (1161,2454)  (1115,2499)  (1115,2453)  (1206,2500)  (1161,2408)  (1207,2408)  (1207,2454)  (1113,2407)  (1160,2545)  (1114,2545)  (1069,2499)  (1069,2453)  (1252,2500)  (1252,2546)  (1206,2546)  (1068,2546)  (1159,2362)  (1205,2362)  (1251,2362)  (1253,2408)  (1253,2454)  (1111,2361)  (1297,2318)  (1160,2591)  (1114,2591)  (1298,2500)  (1298,2546)  (1298,2592)  (1252,2592)  (1206,2592)  (1068,2592)  (1022,2592)  (1022,2546)  (1157,2316)  (1203,2316)  (1249,2316)  (1299,2364)  (1299,2410)  (1295,2272)  (976,2613)  (1230,2270)  (1276,2226)
Formosa  (5023,1607)  (5047,1554)  (5069,1597)
British Columbia  (7591,356)  (7640,352)  (7537,355)  (7538,262)  (7646,259)  (7504,407)
Korea  (5331,852)  (5282,839)  (5278,793)  (5323,794)  (5336,913)  (5388,918)  (5332,960)
Egypt  (2864,1746)  (2913,1746)  (2863,1796)  (2913,1796)  (2864,1845)  (2913,1845)
Eastern Poland  (2870,775)  (2916,775)  (2872,822)  (2919,820)  (2873,866)  (2922,868)  (2832,761)  (2789,717)  (2836,716)
Crete  (2780,1498)  (2735,1504)  (2827,1503)
20 Sea Zone  (5192,1640)  (5146,1685)  (5146,1639)  (5237,1686)  (5192,1594)  (5238,1594)  (5238,1640)  (5144,1593)  (5191,1731)  (5145,1731)  (5100,1685)  (5100,1639)  (5283,1686)  (5283,1732)  (5237,1732)  (5099,1732)  (5190,1548)  (5236,1548)  (5282,1548)  (5284,1594)  (5284,1640)  (5122,1536)  (5135,1487)  (5182,1490)  (5224,1492)  (5268,1492)  (5333,1502)  (5333,1558)  (5340,1602)  (5337,1663)  (5338,1715)  (5341,1775)
Russia  (3410,581)  (3455,581)  (3410,625)  (3457,627)  (3364,581)  (3363,627)  (3391,676)  (3439,673)  (3484,671)  (3499,624)  (3497,580)  (3389,725)
New Zealand  (6613,3003)  (6593,3051)  (6656,3034)
Angola  (2462,2883)  (2508,2883)  (2417,2883)  (2466,2930)  (2514,2930)  (2420,2931)
Greece  (2737,1399)  (2735,1350)  (2734,1300)  (2782,1299)  (2829,1299)  (2869,1295)
Yakut S.S.R.  (4652,241)  (4606,286)  (4606,240)  (4697,287)  (4652,195)  (4698,195)  (4698,241)  (4604,194)  (4603,332)  (4650,149)  (4696,149)  (4742,149)  (4557,344)  (4747,362)  (4788,105)  (4788,151)  (4615,103)  (4661,103)  (4707,103)  (4701,380)  (4511,381)  (4589,390)  (4655,401)
Ukraine  (3085,1001)  (3127,1000)  (3084,1044)  (3129,1046)  (3038,1001)  (3038,1044)  (3169,1001)  (3173,1045)
37 Sea Zone  (4627,2354)  (4581,2341)  (4672,2400)  (4626,2400)  (4627,2308)  (4673,2308)  (4673,2354)  (4567,2295)  (4718,2400)  (4718,2446)  (4672,2446)  (4626,2446)  (4719,2282)  (4719,2328)  (4510,2250)  (4464,2226)
Western Ukraine  (3041,811)  (3091,811)  (2990,812)  (3039,857)  (2988,860)  (3086,856)
99 Sea Zone  (2834,1458)  (2879,1457)  (2858,1530)  (2903,1529)
24 Sea Zone  (6306,1187)  (6260,1232)  (6260,1186)  (6351,1233)  (6306,1141)  (6352,1141)  (6352,1187)  (6258,1140)  (6305,1278)  (6259,1278)  (6214,1232)  (6214,1186)  (6397,1233)  (6397,1279)  (6351,1279)  (6213,1279)  (6304,1095)  (6350,1095)  (6396,1095)  (6398,1141)  (6398,1187)  (6212,1140)  (6212,1094)  (6258,1094)  (6305,1324)  (6259,1324)  (6426,1325)  (6380,1325)  (6213,1325)  (6304,1049)  (6350,1049)  (6396,1049)
Iraq  (3230,1670)  (3179,1670)  (3199,1720)  (3249,1720)  (3281,1669)  (3301,1721)
90 Sea Zone  (1257,1394)  (1211,1439)  (1211,1393)  (1302,1440)  (1257,1348)  (1303,1348)  (1303,1394)  (1209,1347)  (1256,1485)  (1210,1485)  (1165,1439)  (1165,1393)  (1348,1440)  (1348,1486)  (1302,1486)  (1164,1486)  (1255,1302)  (1301,1302)  (1347,1302)  (1349,1348)  (1349,1394)  (1163,1347)  (1163,1301)  (1209,1301)  (1393,1292)  (1256,1531)  (1210,1531)  (1394,1440)  (1394,1486)  (1394,1532)  (1348,1532)  (1302,1532)  (1164,1532)  (1395,1338)  (1395,1384)
Timguska  (3981,541)  (4026,587)  (3980,587)  (3940,495)  (3986,495)  (4027,541)  (4032,490)  (4072,587)  (4064,633)  (4018,633)  (3972,633)  (3958,692)  (4001,693)
Eastern Persia  (3611,1754)  (3656,1754)  (3561,1753)  (3615,1803)  (3665,1806)  (3566,1803)  (3614,1852)  (3669,1855)  (3562,1854)  (3611,1896)  (3661,1903)  (3564,1904)  (3589,1617)  (3637,1616)  (3598,1561)  (3645,1563)
45 Sea Zone  (5586,2315)  (5540,2336)  (5540,2290)  (5586,2269)  (5632,2269)  (5632,2315)  (5518,2382)  (5514,2244)  (5494,2336)  (5494,2290)  (5678,2224)  (5678,2270)  (5678,2316)  (5472,2409)  (5724,2224)  (5724,2270)  (5724,2316)  (5682,2455)  (5606,2456)  (5511,2475)  (5560,2477)  (5684,2501)  (5611,2502)  (5514,2521)  (5565,2523)
Siberia  (5738,115)  (5692,160)  (5692,114)  (5783,161)  (5785,113)  (5736,159)  (5645,158)  (5643,112)  (5593,114)  (5599,159)  (5659,204)  (5708,211)  (5771,202)  (5841,185)  (5836,135)  (5837,90)  (5884,91)  (5888,144)  (5895,190)  (5942,166)  (5938,119)  (5938,80)  (5986,77)  (5993,129)  (5550,166)  (5544,114)  (5498,167)
52 Sea Zone  (7327,2965)  (7281,3010)  (7281,2964)  (7372,3011)  (7327,2919)  (7373,2919)  (7373,2965)  (7279,2918)  (7326,3056)  (7280,3056)  (7235,3010)  (7235,2964)  (7418,3011)  (7418,3057)  (7372,3057)  (7234,3057)  (7325,2873)  (7371,2873)  (7417,2873)  (7419,2919)  (7419,2965)  (7233,2918)  (7233,2872)  (7279,2872)  (7463,2829)  (7326,3102)  (7280,3102)  (7189,3011)  (7189,2965)  (7464,3011)  (7464,3057)  (7464,3103)  (7418,3103)  (7372,3103)  (7234,3103)  (7188,3103)  (7188,3057)  (7325,2827)  (7371,2827)  (7417,2827)  (7465,2875)  (7465,2921)  (7187,2919)  (7187,2873)  (7187,2827)  (7233,2826)  (7279,2826)  (7463,2783)  (7509,2783)  (7509,2829)  (7326,3148)  (7280,3148)  (7143,3011)  (7143,2965)  (7510,2967)  (7510,3013)  (7510,3059)  (7510,3105)  (7464,3149)  (7418,3149)  (7372,3149)  (7234,3149)  (7188,3149)  (7142,3149)  (7142,3103)  (7142,3057)  (7325,2781)  (7371,2781)  (7417,2781)  (7511,2875)  (7511,2921)  (7141,2919)  (7141,2873)  (7141,2827)  (7512,3151)  (7555,2745)  (7555,2791)  (7097,3011)  (7097,2965)  (7556,2967)  (7556,3013)  (7556,3059)  (7556,3105)  (7096,3166)  (7096,3120)  (7096,3074)  (7557,2837)  (7557,2883)  (7095,2919)  (7095,2873)  (7095,2827)  (7558,3151)  (7601,2745)  (7601,2791)  (7051,3028)  (7051,2982)  (7602,2929)  (7602,2975)  (7602,3021)  (7602,3067)  (7050,3166)  (7050,3120)  (7050,3074)  (7603,2837)  (7603,2883)  (7049,2936)  (7049,2890)  (7049,2844)  (7604,3113)  (7604,3159)  (7647,2745)  (7647,2791)  (7005,3028)  (7005,2982)  (7648,2929)  (7648,2975)  (7648,3021)  (7648,3067)  (7004,3166)  (7004,3120)  (7004,3074)  (7649,2837)  (7649,2883)  (7003,2936)  (7003,2890)  (7003,2844)  (7650,3113)  (7650,3159)
Malaya  (4499,2359)  (4425,2294)  (4508,2299)  (4538,2382)
101 Sea Zone  (679,981)  (633,1026)  (633,980)  (724,1027)  (679,935)  (725,935)  (725,981)  (678,1072)  (632,1072)  (770,1027)  (770,1073)  (724,1073)  (696,889)  (742,889)  (771,935)  (771,981)  (788,872)  (678,1118)  (632,1118)  (810,1119)  (764,1119)  (696,843)  (742,843)  (525,1134)  (788,826)  (507,1088)  (718,1164)  (672,1164)  (626,1164)  (809,1165)  (713,797)  (479,1165)  (759,780)  (805,780)  (461,1119)  (461,1073)  (433,1165)  (739,734)  (785,734)  (415,1119)  (415,1073)  (809,688)  (369,1145)  (369,1099)  (323,1099)  (286,1053)
Cyprus  (2950,1484)  (2903,1494)  (2997,1491)
Himalayas  (4055,1738)  (4009,1733)  (4101,1766)  (4149,1779)  (4202,1775)  (3981,1662)  (4246,1739)
114 Sea Zone  (2590,549)  (2639,548)  (2540,551)  (2593,597)  (2643,596)  (2542,599)  (2588,500)  (2637,501)  (2636,448)  (2584,448)  (2639,400)  (2639,342)  (2642,286)
71 Sea Zone  (2868,3107)  (2822,3152)  (2913,3153)  (2877,3061)  (2914,3107)  (2923,3052)  (2890,3006)  (2936,3006)  (2935,2960)  (2937,2914)  (2942,2868)
Denmark  (2346,556)  (2328,505)  (2375,506)
62 Sea Zone  (6095,2927)  (6144,2938)  (6075,2975)  (6125,2989)  (6034,3029)  (6096,3030)  (6156,3041)  (6094,3082)  (6158,3097)  (5979,3097)  (5966,3152)
59 Sea Zone  (4043,3098)  (3997,3143)  (3997,3097)  (4088,3144)  (4043,3052)  (4089,3052)  (4089,3098)  (3995,3051)  (3951,3166)  (3951,3120)  (4134,3144)  (4135,3050)  (4135,3096)  (3949,3074)  (4180,3142)  (4181,3050)  (4181,3096)
49 Sea Zone  (6417,2433)  (6371,2478)  (6371,2432)  (6462,2479)  (6417,2387)  (6463,2387)  (6463,2433)  (6369,2386)  (6416,2524)  (6370,2524)  (6325,2478)  (6325,2432)  (6508,2479)  (6508,2525)  (6462,2525)  (6324,2525)  (6415,2341)  (6461,2341)  (6507,2341)  (6509,2387)  (6509,2433)  (6323,2386)  (6323,2340)  (6369,2340)  (6553,2318)  (6279,2479)  (6279,2433)  (6554,2479)  (6554,2525)  (6278,2535)  (6555,2364)  (6555,2410)  (6277,2387)  (6599,2318)  (6233,2464)  (6600,2456)  (6600,2502)  (6601,2364)  (6601,2410)  (6645,2318)  (6187,2451)  (6646,2456)  (6646,2502)  (6647,2364)  (6647,2410)
6 Sea Zone  (5775,1047)  (5722,1046)  (5680,1094)  (5732,1100)  (5792,1098)  (5833,1015)  (5836,1062)  (5626,1110)  (5571,1146)  (5629,1162)  (5681,1148)  (5731,1155)  (5785,1146)  (5519,1153)  (5893,992)  (5932,989)  (5922,940)  (5910,888)  (5972,880)  (5903,844)  (5966,825)  (5991,986)  (5979,940)  (5903,796)  (5962,768)  (5909,733)  (5977,705)  (5523,1205)  (5583,1208)  (5680,1202)  (5758,1210)
Holland Belgium  (2209,719)  (2161,720)  (2256,719)  (2199,766)
Borneo  (4898,2361)  (4950,2361)  (4866,2316)  (4835,2349)  (4855,2392)  (4968,2286)  (4936,2407)
Buyant-Uhaa  (4731,702)  (4697,753)  (4746,748)  (4784,707)  (4832,706)  (4883,697)
Gold Coast  (1935,2148)
60 Sea Zone  (4588,3109)  (4542,3154)  (4542,3108)  (4633,3155)  (4588,3063)  (4634,3063)  (4634,3109)  (4540,3062)  (4496,3166)  (4496,3120)  (4679,3155)  (4680,3050)  (4680,3096)  (4494,3074)  (4450,3166)  (4450,3120)  (4725,3142)  (4726,3050)  (4726,3096)  (4448,3074)  (4404,3166)  (4404,3120)  (4771,3142)  (4772,3050)  (4772,3096)  (4402,3074)  (4358,3166)  (4358,3120)  (4817,3142)  (4818,3050)  (4818,3096)  (4356,3074)  (4312,3166)  (4312,3120)  (4863,3142)  (4864,3050)  (4864,3096)  (4310,3074)  (4266,3166)  (4266,3120)  (4909,3142)  (4910,3050)  (4910,3096)  (4264,3074)  (4955,3142)  (4956,3050)  (4956,3096)  (5001,3142)  (5002,3050)  (5002,3096)
Johnston Island  (6868,1849)  (6915,1877)  (6915,1828)
Yukon Territory  (7583,120)  (7635,126)  (7535,121)  (7494,162)  (7515,77)  (7521,17)  (7568,17)  (7645,17)  (7550,171)
Southeast Mexico  (136,1196)  (183,1196)  (90,1196)  (149,1248)  (202,1249)  (223,1301)  (264,1302)  (319,1304)  (330,1356)  (378,1341)  (376,1292)  (71,1077)  (119,1060)  (65,1023)
121 Sea Zone  (813,149)  (767,194)  (767,148)  (858,195)  (859,147)  (765,102)  (744,240)  (721,194)  (904,193)  (720,25)  (950,175)  (665,1)  (624,164)  (1004,60)  (1008,106)  (1044,11)
Scotland  (1958,353)  (2004,353)  (1967,432)  (2014,431)
Chahar  (4609,995)  (4563,1040)  (4563,994)  (4654,1041)  (4609,949)  (4655,949)  (4655,995)  (4517,1057)  (4517,1011)  (4611,1038)  (4630,1080)
10 Sea Zone  (7364,717)  (7318,762)  (7310,708)  (7309,653)  (7364,663)  (7360,609)  (7305,598)  (7305,818)  (7370,770)  (7365,825)  (7313,869)  (7371,878)  (7418,828)  (7425,883)  (7456,935)  (7393,936)  (7337,936)  (7315,992)  (7377,996)  (7437,990)  (7292,545)  (7289,488)  (7410,487)  (7394,548)  (7316,1063)
Okinawa  (5233,1288)
42 Sea Zone  (4840,2652)  (4794,2697)  (4794,2651)  (4885,2698)  (4886,2645)  (4820,2569)  (4866,2562)  (4839,2743)  (4793,2743)  (4748,2697)  (4748,2651)  (4931,2691)  (4931,2737)  (4885,2744)  (4747,2744)  (4932,2645)  (4912,2557)  (4742,2555)  (4958,2534)  (4788,2523)  (4834,2516)  (4702,2698)  (4702,2652)  (4977,2691)  (4977,2737)  (4701,2754)  (4978,2637)  (4880,2511)  (4696,2553)  (4742,2509)  (5004,2492)  (5004,2538)  (4656,2708)  (4656,2662)  (5023,2683)  (5023,2729)  (4655,2754)  (5024,2619)  (5050,2479)  (5050,2525)  (5053,2571)  (4610,2708)  (4610,2662)  (5069,2665)  (4609,2754)  (5070,2617)  (5096,2478)  (5096,2524)  (5099,2570)  (5116,2616)  (5142,2478)  (5142,2524)  (5145,2570)  (5188,2478)  (5188,2524)  (5234,2478)  (5234,2524)  (5280,2478)  (5280,2524)  (5326,2478)  (5326,2524)  (5372,2478)  (5372,2524)  (5418,2478)  (5418,2524)
13 Sea Zone  (6922,1160)  (6876,1205)  (6876,1159)  (6967,1206)  (6922,1114)  (6968,1114)  (6968,1160)  (6874,1113)  (6921,1251)  (6875,1251)  (6830,1205)  (6830,1159)  (7013,1206)  (7013,1252)  (6967,1252)  (6829,1252)  (6920,1068)  (6966,1068)  (7012,1068)  (7014,1114)  (7014,1160)  (6828,1113)  (6828,1067)  (6874,1067)  (7058,1024)  (6921,1297)  (6875,1297)  (7059,1206)  (7059,1252)  (7059,1298)  (7013,1298)  (6967,1298)  (6829,1298)  (6920,1022)  (6966,1022)  (7012,1022)  (7060,1070)  (7060,1116)  (6824,1021)  (6870,1021)
Northwest Persia  (3362,1533)  (3410,1532)  (3373,1424)
Persia  (3437,1734)  (3480,1733)  (3437,1780)  (3483,1779)  (3437,1826)  (3484,1825)
3 Sea Zone  (6635,169)  (6589,214)  (6589,168)  (6680,215)  (6635,123)  (6681,123)  (6681,169)  (6587,122)  (6543,257)  (6543,211)  (6726,215)  (6653,77)  (6699,77)  (6727,123)  (6727,169)  (6541,165)  (6745,59)  (6772,215)  (6653,31)  (6773,105)  (6773,151)
Eastern United States  (616,826)  (616,874)  (567,826)  (569,873)  (519,827)  (523,873)  (523,920)  (523,965)
115 Sea Zone  (2696,488)  (2696,436)  (2693,380)  (2693,321)  (2747,429)  (2695,436)  (2797,415)  (2846,404)  (2694,247)  (2695,537)
Sweden  (2485,381)  (2442,382)  (2533,381)  (2465,432)  (2482,479)  (2515,432)
Sikang  (3979,1439)  (4024,1485)  (3978,1485)  (4026,1433)  (3928,1437)  (3936,1492)  (3924,1545)  (3986,1539)  (3982,1589)
South West Africa  (2511,3088)  (2464,3088)  (2560,3088)
Nigeria  (2119,2148)  (2073,2166)  (2164,2194)  (2165,2114)  (2211,2131)
Southern Italy  (2463,1281)  (2473,1372)  (2463,1415)  (2460,1326)
New Hebrides  (6399,2744)  (6300,2690)  (6384,2699)
Siam  (4451,2070)  (4405,2115)  (4405,2069)  (4496,2116)  (4451,2024)  (4403,2023)  (4542,2101)  (4451,2118)  (4517,2164)  (4551,2201)
69 Sea Zone  (1830,2973)  (1784,3018)  (1784,2972)  (1875,3019)  (1830,2927)  (1876,2927)  (1876,2973)  (1782,2926)  (1829,3064)  (1783,3064)  (1738,3018)  (1738,2972)  (1921,3019)  (1921,3065)  (1875,3065)  (1737,3065)  (1828,2881)  (1874,2881)  (1920,2881)  (1922,2927)  (1922,2973)  (1736,2926)  (1736,2880)  (1782,2880)  (1966,2837)  (1829,3110)  (1783,3110)  (1967,3019)  (1967,3065)  (1967,3111)  (1921,3111)  (1875,3111)  (1737,3111)  (1828,2835)  (1874,2835)  (1920,2835)  (1968,2883)  (1968,2929)  (1718,2834)  (1764,2834)  (1966,2791)  (1829,3156)  (1783,3156)  (1991,3157)  (1945,3157)  (1899,3157)  (1737,3157)  (1810,2789)  (1856,2789)  (1902,2789)  (1718,2788)  (1764,2788)  (1948,2745)  (1810,2743)  (1856,2743)  (1902,2743)  (1718,2742)  (1764,2742)
Solomon Islands  (6152,2469)  (6105,2450)  (6199,2491)
17 Sea Zone  (6041,1200)  (6088,1199)  (6034,1153)  (6118,1088)  (6090,1144)  (6062,1103)  (5998,1092)  (6039,1263)  (6094,1252)  (5977,1268)  (5933,1289)  (5952,1059)  (5935,1111)  (5900,1152)  (5849,1261)  (5863,1309)  (5927,1346)  (5985,1338)  (6052,1311)  (6119,1312)
12 Sea Zone  (7218,1230)  (7172,1275)  (7172,1229)  (7263,1276)  (7218,1184)  (7264,1184)  (7264,1230)  (7170,1183)  (7217,1321)  (7171,1321)  (7126,1275)  (7126,1229)  (7309,1276)  (7309,1322)  (7263,1322)  (7125,1322)  (7216,1138)  (7262,1138)  (7308,1138)  (7310,1184)  (7310,1230)  (7124,1183)  (7124,1137)  (7170,1137)  (7217,1367)  (7171,1367)  (7346,1368)  (7300,1368)  (7125,1368)  (7216,1092)  (7262,1092)  (7308,1092)  (7114,1091)  (7160,1091)
Bolivia  (833,2190)  (787,2189)  (884,2187)  (807,2092)  (861,2090)  (848,2040)
Liberia  (1765,2116)
New Guinea  (5832,2456)  (5782,2463)  (5888,2457)  (5939,2496)
Turkmenistan  (3654,1456)  (3698,1455)  (3721,1498)
Kenya  (2861,2453)  (2815,2486)  (2815,2440)  (2906,2499)  (2861,2407)  (2907,2407)  (2907,2453)  (2801,2394)  (2860,2532)  (2769,2510)  (2769,2464)  (2952,2499)  (2952,2545)  (2906,2545)  (2953,2408)  (2723,2492)
32 Sea Zone  (6350,1752)  (6304,1775)  (6304,1729)  (6396,1725)  (6402,1771)  (6300,1822)  (6405,1822)  (6468,1773)  (6491,1727)  (6452,1835)  (6450,1886)  (6495,1891)  (6306,1928)  (6358,1946)
Midway  (6666,1257)
Peru  (669,2074)  (717,2073)  (770,2044)  (769,1994)  (725,2121)  (642,1981)  (623,1932)
Tunisia  (2213,1619)  (2167,1619)  (2259,1600)
Caucasus  (3324,1222)  (3370,1222)  (3326,1270)  (3374,1268)  (3373,1314)  (3408,1350)  (3441,1386)  (3464,1148)
Sardinia  (2232,1348)  (2230,1240)  (2231,1299)
Malta  (2337,1530)  (2338,1576)  (2381,1539)
Buryatia  (4934,281)  (4888,326)  (4888,280)  (4979,327)  (4934,235)  (4980,235)  (4980,281)  (4886,234)  (4933,372)  (4887,372)  (4842,326)  (4842,280)  (5025,327)  (5025,373)  (4979,373)  (4841,373)  (4932,189)  (4978,189)  (5024,189)  (5026,235)  (5026,281)  (4840,234)  (4873,188)  (4933,418)  (4796,320)  (5071,341)  (5071,387)  (5012,419)  (4919,143)  (4965,143)  (5011,143)  (5057,143)  (4794,220)  (5117,377)
Manchuria  (5151,654)  (5105,699)  (5105,653)  (5203,699)  (5157,701)  (5209,651)  (5259,650)  (5055,743)  (5110,758)  (5175,754)  (5053,700)  (5050,661)  (5055,623)  (5101,595)  (5277,603)  (5322,610)  (5374,608)  (5301,654)  (5369,656)  (5247,701)  (5298,706)
Rhodesia  (2672,2907)  (2626,2952)  (2626,2906)  (2717,2953)  (2672,2861)  (2718,2861)  (2718,2907)  (2624,2860)  (2671,2998)  (2763,2961)  (2738,2815)  (2625,3016)
68 Sea Zone  (1508,2971)  (1462,3016)  (1462,2970)  (1553,3017)  (1508,2925)  (1554,2925)  (1554,2971)  (1460,2924)  (1507,3062)  (1461,3062)  (1416,3016)  (1416,2970)  (1599,3017)  (1599,3063)  (1553,3063)  (1415,3063)  (1506,2879)  (1552,2879)  (1598,2879)  (1600,2925)  (1600,2971)  (1414,2924)  (1414,2878)  (1460,2878)  (1644,2835)  (1507,3108)  (1461,3108)  (1370,3017)  (1370,2971)  (1645,3017)  (1645,3063)  (1645,3109)  (1599,3109)  (1553,3109)  (1415,3109)  (1369,3109)  (1369,3063)  (1506,2833)  (1552,2833)  (1598,2833)  (1646,2881)  (1646,2927)  (1368,2925)  (1368,2879)  (1368,2833)  (1414,2832)  (1460,2832)  (1644,2789)  (1507,3154)  (1461,3154)  (1672,3155)  (1626,3155)  (1580,3155)  (1415,3155)  (1369,3155)  (1352,2787)  (1506,2787)  (1552,2787)  (1598,2787)  (1398,2786)  (1444,2786)  (1644,2743)  (1352,2741)  (1490,2741)  (1536,2741)  (1582,2741)  (1398,2740)  (1444,2740)
21 Sea Zone  (5550,1585)  (5504,1630)  (5504,1584)  (5595,1631)  (5550,1539)  (5596,1539)  (5596,1585)  (5502,1538)  (5549,1676)  (5645,1615)  (5601,1494)  (5531,1490)  (5481,1484)  (5479,1436)  (5597,1436)  (5543,1442)  (5493,1675)  (5485,1732)  (5543,1739)  (5592,1746)  (5653,1747)
Suiyuyan  (4387,937)  (4341,982)  (4341,936)  (4440,937)  (4387,990)  (4433,989)  (4280,973)  (4295,919)  (4328,1033)  (4372,1043)  (4416,1057)  (4499,925)
22 Sea Zone  (5823,1487)  (5777,1520)  (5777,1474)  (5868,1533)  (5823,1441)  (5869,1441)  (5869,1487)  (5763,1428)  (5822,1566)  (5740,1569)  (5731,1523)  (5731,1477)  (5914,1533)  (5914,1579)  (5868,1579)  (5915,1413)  (5915,1459)  (5717,1431)  (5685,1524)  (5685,1478)  (5858,1643)  (5901,1639)  (5764,1710)  (5817,1698)  (5867,1699)  (5904,1695)  (5818,1752)  (5869,1749)  (5765,1764)  (5919,1753)
50 Sea Zone  (7053,2424)  (7098,2421)  (7009,2424)  (6972,2375)  (7022,2372)  (7075,2365)  (6966,2454)  (6963,2503)  (6961,2558)  (7012,2566)  (7078,2573)  (7126,2547)  (7148,2494)  (7156,2446)  (7157,2392)  (7183,2555)  (7141,2602)  (6968,2619)  (7024,2623)  (7084,2634)  (7205,2500)  (7161,2335)  (7056,2312)  (6991,2309)  (6940,2327)  (6907,2370)  (6910,2435)  (6906,2482)  (7207,2617)  (7129,2657)  (7191,2673)
105 Sea Zone  (1832,978)  (1786,1023)  (1786,977)  (1873,1024)  (1832,932)  (1878,932)  (1878,978)  (1784,931)  (1827,1069)  (1830,886)  (1876,886)  (1783,885)  (1829,840)  (1783,839)
Samara  (3611,652)  (3656,649)  (3607,698)  (3655,697)  (3605,743)  (3653,744)  (3606,789)  (3655,792)  (3605,836)  (3655,838)  (3607,880)  (3664,886)
35 Sea Zone  (5373,1930)  (5327,1941)  (5327,1895)  (5418,1976)  (5373,1884)  (5419,1884)  (5419,1930)  (5291,1849)  (5281,1917)  (5464,1976)  (5464,2022)  (5418,2022)  (5337,1838)  (5383,1838)  (5429,1838)  (5465,1884)  (5465,1930)  (5475,1828)  (5510,1976)  (5510,2022)  (5510,2068)  (5464,2068)  (5418,2068)  (5511,1874)  (5136,1973)  (5126,1927)  (5112,1873)  (5148,1830)  (5114,2149)  (5193,2097)  (5166,2138)  (5220,2156)  (5491,2123)  (5422,2123)  (5367,2161)
Newfoundland Labrador  (799,396)  (851,397)  (900,397)  (950,395)
Portugal  (1673,1305)  (1674,1348)  (1668,1397)
Caroline Islands  (6012,1962)  (6062,1968)  (6111,1975)
Iwo Jima  (5908,1241)
120 Sea Zone  (458,261)  (412,294)  (412,248)  (503,307)  (458,215)  (504,215)  (504,261)  (398,202)  (366,283)  (549,307)  (540,353)  (444,169)  (490,169)  (536,169)  (352,237)  (498,123)  (524,77)
Ecuador  (557,1911)  (571,1960)
100 Sea Zone  (3080,1218)  (3034,1240)  (3034,1194)  (3126,1199)  (3126,1245)  (3009,1148)  (2988,1259)  (2988,1213)  (3172,1168)  (3172,1214)  (3172,1260)  (2942,1249)  (3218,1233)  (3218,1279)
112 Sea Zone  (2260,284)  (2214,329)  (2214,283)  (2303,330)  (2260,238)  (2306,238)  (2213,237)  (2257,375)  (2259,192)  (2305,192)  (2351,192)  (2213,191)  (2273,421)  (2227,421)  (2247,469)  (2296,471)
Olgiy  (4226,594)  (4180,639)  (4180,593)  (4271,640)  (4224,642)  (4128,641)  (4279,593)  (4252,690)
27 Sea Zone  (7220,1608)  (7174,1653)  (7174,1607)  (7265,1654)  (7220,1562)  (7266,1562)  (7266,1608)  (7172,1561)  (7219,1699)  (7173,1699)  (7128,1653)  (7128,1607)  (7311,1654)  (7311,1700)  (7265,1700)  (7127,1700)  (7218,1516)  (7264,1516)  (7310,1516)  (7312,1562)  (7312,1608)  (7126,1561)  (7126,1515)  (7172,1515)  (7219,1745)  (7173,1745)  (7346,1746)  (7300,1746)  (7127,1746)  (7218,1470)  (7264,1470)  (7310,1470)  (7114,1469)  (7160,1469)  (7254,1791)  (7208,1791)  (7346,1792)  (7300,1792)  (7162,1792)  (7116,1792)
Tobruk  (2555,1732)  (2604,1732)  (2505,1731)  (2653,1732)  (2554,1783)  (2604,1783)  (2503,1782)  (2654,1783)  (2555,1833)  (2605,1834)  (2655,1836)  (2667,1889)
63 Sea Zone  (6458,2943)  (6408,2967)  (6406,2912)  (6465,2882)  (6510,2870)  (6512,2930)  (6399,2853)  (6354,2902)  (6349,2979)  (6345,3037)  (6409,3030)  (6471,3062)  (6526,2997)  (6572,2850)  (6633,2835)  (6635,2892)  (6710,2841)  (6698,2902)  (6768,2847)  (6747,2898)  (6712,2949)  (6761,2949)  (6799,2901)  (6815,2953)
Chile  (729,2441)  (721,2491)  (717,2538)  (728,2589)  (732,2290)  (728,2233)
80 Sea Zone  (3499,2180)  (3453,2225)  (3453,2179)  (3544,2226)  (3499,2134)  (3545,2134)  (3545,2180)  (3451,2133)  (3498,2271)  (3452,2271)  (3407,2225)  (3407,2179)  (3590,2226)  (3590,2272)  (3544,2272)  (3406,2272)  (3497,2088)  (3543,2088)  (3589,2088)  (3591,2134)  (3591,2180)  (3405,2133)  (3405,2087)  (3451,2087)  (3498,2317)  (3452,2317)  (3361,2226)  (3361,2180)  (3632,2318)  (3586,2318)  (3406,2318)  (3360,2318)  (3360,2272)  (3497,2042)  (3543,2042)  (3589,2042)  (3359,2134)  (3544,1996)  (3590,1996)  (3435,1895)  (3380,1855)  (3348,1809)
Baltic States  (2846,557)  (2892,556)  (2805,558)  (2850,602)  (2800,602)  (2895,602)
96 Sea Zone  (2389,1584)  (2436,1584)  (2483,1584)  (2528,1577)  (2577,1579)  (2621,1580)  (2668,1591)
West India  (3814,1856)  (3860,1855)  (3765,1857)  (3810,1905)  (3858,1904)  (3761,1906)  (3811,1956)  (3860,1955)  (3760,1960)  (3839,2010)
French Equatorial Africa  (2392,2259)  (2346,2304)  (2346,2258)  (2437,2305)  (2392,2213)  (2438,2213)  (2438,2259)  (2344,2212)  (2391,2350)  (2345,2350)  (2300,2304)  (2300,2258)  (2483,2305)  (2483,2351)  (2437,2351)  (2299,2351)  (2390,2167)  (2436,2167)  (2484,2219)  (2298,2212)  (2298,2166)  (2344,2166)  (2391,2396)  (2345,2396)  (2254,2305)  (2254,2259)  (2529,2348)  (2529,2394)  (2299,2397)  (2390,2121)  (2436,2121)  (2252,2213)  (2295,2120)  (2341,2120)  (2427,2442)  (2381,2442)  (2575,2379)  (2335,2443)  (2387,2075)  (2433,2075)  (2479,2075)  (2281,2074)  (2327,2074)  (2525,2066)  (2440,2488)  (2394,2488)  (2571,2030)  (2348,2489)  (2373,2029)  (2419,2029)  (2465,2029)  (2321,2028)  (2511,2020)  (2435,2534)  (2557,1984)  (2603,1984)  (2389,2535)  (2343,2535)  (2404,1983)  (2450,1983)  (2496,1974)  (2435,2580)  (2542,1938)  (2588,1938)  (2389,2581)  (2343,2581)  (2474,1928)  (2297,2617)  (2438,2626)  (2392,2627)  (2346,2627)  (2300,2663)  (2402,2673)  (2356,2673)
Fiji  (7064,2487)  (7015,2496)  (7112,2491)
Sakha  (5236,184)  (5190,229)  (5190,183)  (5281,230)  (5236,138)  (5282,138)  (5282,184)  (5188,137)  (5235,275)  (5189,275)  (5144,229)  (5144,183)  (5143,276)  (5331,163)  (5331,112)  (5381,112)  (5380,170)  (5218,321)  (5168,321)  (5190,89)
116 Sea Zone  (997,302)  (951,338)  (951,292)  (1042,348)  (997,256)  (1043,256)  (1043,302)  (905,323)  (905,277)  (1088,348)  (1088,394)  (1042,394)  (1029,210)  (1075,210)  (1089,256)  (1089,302)  (1121,178)  (859,271)  (1075,164)
Sierra Leone  (1672,2031)
55 Sea Zone  (5522,2592)  (5476,2609)  (5430,2634)  (5430,2588)  (5716,2628)  (5731,2581)
108 Sea Zone  (1501,575)  (1455,620)  (1455,574)  (1546,621)  (1501,529)  (1547,529)  (1547,575)  (1453,528)  (1500,666)  (1454,666)  (1592,621)  (1592,667)  (1546,667)  (1499,483)  (1545,483)  (1591,483)  (1593,529)  (1593,575)  (1411,482)  (1500,712)  (1454,712)
7 Sea Zone  (6266,545)  (6220,590)  (6220,544)  (6311,591)  (6266,499)  (6312,499)  (6312,545)  (6218,498)  (6265,636)  (6219,636)  (6174,590)  (6174,544)  (6357,591)  (6357,637)  (6311,637)  (6173,637)  (6264,453)  (6310,453)  (6356,453)  (6358,499)  (6358,545)  (6172,498)  (6172,452)  (6218,452)  (6402,430)  (6265,682)  (6219,682)  (6128,591)  (6128,545)  (6403,591)  (6403,637)  (6403,683)  (6357,683)  (6311,683)  (6173,683)  (6127,683)  (6127,637)  (6404,476)  (6404,522)  (6126,499)  (6126,453)  (6448,430)  (6449,568)  (6449,614)  (6449,660)  (6450,476)  (6450,522)
Samoa  (7412,2602)  (7461,2605)  (7509,2605)
Greater Southern Germany  (2451,974)  (2499,974)  (2545,976)  (2454,1022)  (2500,1021)
38 Sea Zone  (4184,2193)  (4138,2238)  (4138,2192)  (4229,2239)  (4184,2147)  (4230,2147)  (4230,2193)  (4136,2146)  (4183,2284)  (4137,2284)  (4230,2282)  (4278,2177)  (4282,2228)  (4183,2240)  (4282,2278)
73 Sea Zone  (3483,3092)  (3437,3137)  (3437,3091)  (3528,3138)  (3529,3050)  (3391,3166)  (3391,3120)  (3391,3074)  (3574,3096)  (3574,3142)  (3575,3050)  (3620,3096)  (3620,3142)  (3621,3050)
Slovakia Hungary  (2690,961)  (2739,960)  (2788,960)  (2639,960)  (2622,1011)
Turkey  (3019,1360)  (3071,1361)  (2965,1361)  (3025,1412)  (3076,1411)  (2970,1414)  (3047,1312)  (3145,1422)  (3189,1422)  (3237,1424)  (3291,1424)  (3237,1373)  (3295,1374)
Celebes  (5099,2326)  (5087,2375)  (5139,2375)
Shensi  (4283,1184)  (4237,1229)  (4237,1183)  (4328,1230)  (4284,1231)  (4330,1185)  (4373,1184)  (4298,1281)  (4251,1279)  (4197,1279)  (4187,1228)  (4180,1324)  (4356,1275)
70 Sea Zone  (2188,2977)  (2142,3022)  (2142,2976)  (2233,3023)  (2188,2931)  (2234,2931)  (2234,2977)  (2140,2930)  (2187,3068)  (2141,3068)  (2096,3022)  (2096,2976)  (2279,3023)  (2279,3069)  (2233,3069)  (2095,3069)  (2186,2885)  (2232,2885)  (2278,2885)  (2280,2931)  (2280,2977)  (2094,2930)  (2094,2884)  (2140,2884)  (2324,2862)  (2187,3114)  (2141,3114)  (2050,3023)  (2050,2977)  (2325,3023)  (2325,3069)  (2325,3115)  (2279,3115)  (2233,3115)  (2095,3115)  (2049,3115)  (2049,3069)  (2186,2839)  (2232,2839)  (2278,2839)  (2326,2908)  (2326,2954)  (2048,2931)  (2048,2885)  (2048,2839)  (2094,2838)  (2140,2838)  (2187,3160)  (2141,3160)  (2371,3016)  (2371,3062)  (2371,3108)  (2371,3154)  (2325,3161)  (2279,3161)  (2233,3161)  (2095,3161)  (2049,3161)  (2037,2793)  (2186,2793)  (2232,2793)  (2278,2793)  (2083,2792)  (2129,2792)  (2417,3092)  (2417,3138)  (2037,2747)  (2175,2747)  (2221,2747)  (2267,2747)  (2083,2746)  (2129,2746)
Mozambique  (2839,2900)  (2793,2901)  (2875,2946)  (2810,2854)  (2856,2854)  (2829,2947)  (2833,2993)
French Madagascar  (3142,2963)  (3096,3008)  (3096,2932)  (3170,3009)  (3142,2917)  (3188,2917)  (3188,2963)  (3124,3054)  (3078,3054)  (3204,2871)  (3250,2837)  (3108,3100)
Guam  (5647,1665)
Yunnan  (4349,1659)  (4303,1694)  (4303,1648)  (4394,1705)  (4397,1660)  (4347,1713)  (4444,1686)  (4442,1732)  (4493,1750)
Romania  (2828,1078)  (2878,1077)  (2774,1078)  (2930,1115)
French Guiana  (1030,1772)
Algeria  (2034,1610)  (1986,1610)  (1938,1610)  (1979,1560)  (2107,1555)  (2081,1610)  (2125,1609)
Saudi Arabia  (3230,1980)  (3279,1984)  (3177,1977)  (3228,2035)  (3278,2036)  (3176,2031)  (3223,2089)  (3273,2091)  (3167,2086)  (3341,2031)  (3337,1980)  (3127,1957)  (3134,1915)  (3129,1861)  (3087,1830)  (3131,1814)  (3342,1927)  (3390,2021)  (3397,1968)
Shantung  (4936,1111)  (4890,1156)  (4890,1110)  (4970,1157)  (4838,1152)  (4867,1199)  (4915,1206)  (4988,1077)  (5038,1046)  (4972,1219)
Yenisey  (4351,254)  (4305,299)  (4305,253)  (4396,300)  (4351,208)  (4397,208)  (4397,254)  (4303,207)  (4350,345)  (4304,345)  (4259,299)  (4259,253)  (4442,300)  (4415,346)  (4258,346)  (4349,162)  (4395,162)  (4441,162)  (4443,208)  (4443,254)  (4257,207)  (4267,161)  (4487,118)  (4369,391)  (4323,391)  (4488,300)  (4277,392)  (4231,392)  (4313,116)  (4359,116)  (4405,116)  (4489,164)  (4489,210)
Paraguay  (919,2281)  (873,2282)  (941,2327)  (965,2262)
Moscow  (3954,130)  (3991,176)  (3945,176)  (3940,84)  (3986,84)  (4015,222)  (3969,222)  (3940,38)  (3986,38)
30 Sea Zone  (6821,1948)  (6870,1953)  (6766,1975)  (6823,2002)  (6875,2020)  (6924,1969)  (6931,2032)  (6760,2040)  (6821,2064)  (6969,1916)  (6806,1886)  (6750,1923)  (6749,1865)  (6802,1832)  (6858,1800)  (6908,1798)  (6964,1807)  (6958,1864)  (6988,1982)  (6990,2045)  (6877,2085)  (6934,2096)
11 Sea Zone  (7518,1250)  (7472,1295)  (7472,1249)  (7563,1296)  (7518,1204)  (7564,1204)  (7564,1250)  (7470,1203)  (7517,1341)  (7471,1341)  (7426,1295)  (7426,1249)  (7609,1296)  (7609,1342)  (7563,1342)  (7425,1342)  (7516,1158)  (7562,1158)  (7608,1158)  (7610,1204)  (7610,1250)  (7424,1203)  (7424,1157)  (7470,1157)  (7654,1114)  (7517,1387)  (7471,1387)  (7655,1296)  (7655,1342)  (7655,1388)  (7609,1388)  (7563,1388)  (7425,1388)  (7516,1112)  (7562,1112)  (7608,1112)  (7656,1160)  (7656,1206)  (7392,1111)  (7438,1111)  (7517,1433)  (7471,1433)  (7666,1434)  (7620,1434)  (7574,1434)  (7425,1434)
Quebec  (680,435)  (634,480)  (634,434)  (725,481)  (682,480)  (634,528)  (680,530)  (731,530)
Syria  (3094,1562)  (3043,1563)  (3100,1480)  (3205,1485)  (3250,1485)
Alberta Saskatchewan Manitoba  (64,409)  (113,410)  (160,410)  (214,407)  (259,409)  (311,411)  (65,359)  (117,359)  (291,362)  (334,361)  (385,360)  (289,463)
75 Sea Zone  (3621,2890)  (3575,2935)  (3575,2889)  (3666,2936)  (3621,2844)  (3667,2844)  (3667,2890)  (3573,2843)  (3620,2981)  (3574,2981)  (3529,2935)  (3529,2889)  (3712,2936)  (3712,2982)  (3666,2982)  (3528,2982)  (3713,2800)  (3713,2846)  (3527,2843)  (3483,2936)  (3483,2890)  (3758,2892)  (3758,2938)  (3758,2984)  (3482,3004)  (3759,2800)  (3759,2846)  (3481,2844)  (3437,2958)  (3437,2912)  (3804,2892)  (3804,2938)  (3804,2984)  (3436,3004)  (3805,2800)  (3805,2846)  (3435,2866)  (3435,2820)  (3391,2958)  (3391,2912)  (3850,2892)  (3850,2938)  (3850,2984)  (3390,3004)  (3851,2800)  (3851,2846)  (3389,2866)  (3389,2820)
Shan State  (4274,2061)  (4323,2062)  (4288,2108)  (4331,2109)  (4335,1895)  (4366,1851)  (4403,1872)  (4412,1825)  (4307,1939)  (4352,2154)
Colombia  (628,1789)  (573,1782)  (680,1787)  (630,1688)  (680,1692)
2 Sea Zone  (6851,185)  (6821,139)  (6897,229)  (6851,231)  (6867,97)  (6821,93)
Trans-Jordan  (3050,1713)  (2999,1717)  (3100,1712)  (3098,1657)  (3117,1615)  (2973,1676)
Rostov  (3283,997)  (3283,1043)  (3234,996)  (3330,996)  (3327,1041)
Switzerland  (2246,973)  (2290,972)  (2265,1015)
French Indo China  (4552,2042)  (4596,2043)  (4652,2038)  (4603,2091)  (4654,2088)  (4600,2150)  (4647,2138)  (4706,2102)  (4697,2153)  (4649,2197)
Hunan  (4503,1534)  (4504,1583)  (4552,1563)  (4547,1613)  (4603,1561)  (4651,1541)  (4646,1491)  (4459,1550)  (4454,1601)  (4499,1631)  (4699,1536)  (4699,1489)  (4748,1524)
Western United States  (7570,632)  (7520,639)  (7572,685)  (7516,692)  (7627,625)  (7622,679)  (7493,582)  (7492,524)  (7511,471)  (7651,567)  (7643,507)  (7463,695)  (7466,747)
94 Sea Zone  (2135,1435)  (2089,1480)  (2089,1434)  (2180,1481)  (2135,1389)  (2181,1411)  (2087,1388)  (2226,1457)
Kansu  (4110,857)  (4064,902)  (4064,856)  (4155,903)  (4110,811)  (4156,811)  (4156,857)  (4062,810)  (4109,948)  (4063,948)  (4018,902)  (4018,856)  (4201,903)  (4196,949)  (4013,951)  (4155,996)  (4211,855)  (4207,797)  (4262,796)
58 Sea Zone  (4085,2888)  (4039,2933)  (4039,2887)  (4130,2934)  (4085,2842)  (4131,2842)  (4131,2888)  (4037,2841)  (4084,2979)  (4038,2979)  (3993,2933)  (3993,2887)  (4176,2934)  (4176,2980)  (4130,2980)  (3992,2980)  (4177,2800)  (4177,2846)  (3991,2841)  (3947,2934)  (3947,2888)  (4222,2892)  (4222,2938)  (4222,2984)  (3946,3004)  (4223,2800)  (4223,2846)  (3945,2842)  (4268,2892)  (4268,2938)  (4268,2984)  (4269,2800)  (4269,2846)
Albania  (2647,1241)  (2596,1241)  (2696,1255)
Amur  (5448,421)  (5402,466)  (5402,420)  (5493,467)  (5448,375)  (5494,375)  (5494,421)  (5400,374)  (5447,512)  (5401,512)  (5356,466)  (5356,420)  (5539,467)  (5539,513)  (5493,513)  (5355,513)  (5446,329)  (5492,329)  (5538,329)  (5540,375)  (5540,421)  (5354,374)  (5354,328)  (5400,328)  (5584,285)  (5310,467)  (5310,421)  (5585,467)  (5585,513)  (5585,559)  (5309,522)  (5446,283)  (5492,283)  (5538,283)  (5586,331)  (5586,377)  (5308,375)  (5342,282)  (5388,282)  (5630,270)  (5264,476)  (5264,430)  (5631,423)  (5631,469)  (5632,316)  (5632,362)  (5378,236)  (5218,496)  (5218,450)  (5678,324)  (5678,370)  (5172,481)  (5172,435)  (5126,481)  (5080,496)  (5080,450)
39 Sea Zone  (3934,2259)  (3983,2259)  (4033,2259)  (4008,2204)  (4057,2210)  (4000,2152)  (4047,2162)  (4049,2109)  (4039,2064)  (3934,2319)  (4037,2323)
Hopei  (4508,1189)  (4462,1234)  (4462,1188)  (4504,1238)  (4552,1238)  (4559,1200)  (4599,1172)
19 Sea Zone  (5177,1215)  (5131,1260)  (5131,1214)  (5208,1261)  (5177,1169)  (5223,1169)  (5223,1215)  (5129,1168)  (5085,1298)  (5085,1252)  (5175,1123)  (5221,1123)  (5267,1123)  (5269,1169)  (5269,1215)  (5083,1206)  (5083,1160)  (5129,1122)  (5301,1264)  (5319,1214)  (5313,1171)  (5353,1264)  (5323,1312)  (5356,1320)  (5182,1370)  (5237,1365)  (5279,1365)  (5347,1377)
Eire  (1744,478)  (1793,478)  (1695,477)  (1743,395)
Central United States  (301,841)  (350,840)  (252,843)  (303,890)  (356,889)  (248,893)  (305,940)  (251,942)  (357,941)
Kwangsi  (4624,1732)  (4671,1730)  (4577,1728)  (4608,1775)  (4653,1777)  (4651,1824)  (4694,1789)  (4676,1639)  (4720,1616)  (4699,1838)
Central Mongolia  (4563,701)  (4524,699)  (4482,726)  (4473,780)  (4514,769)  (4571,753)  (4505,603)  (4556,569)  (4607,601)  (4620,713)
Northern Territory  (5588,2744)  (5542,2789)  (5542,2743)  (5633,2790)  (5653,2842)  (5540,2836)  (5596,2838)  (5592,2796)  (5651,2738)  (5702,2726)  (5698,2680)  (5533,2706)  (5494,2709)  (5482,2773)  (5484,2818)  (5704,2785)  (5707,2840)
Vyborg  (2821,306)  (2768,367)  (2818,355)
Archangel  (3166,245)  (3212,245)  (3259,246)  (3118,247)  (3158,289)  (3203,290)  (3252,293)  (3160,337)  (3208,340)  (3254,338)  (3119,294)  (3124,339)  (3197,383)  (3245,383)
Kiangsu  (4902,1363)  (4860,1363)  (4950,1364)  (4852,1409)  (4906,1409)  (4949,1416)  (4817,1354)  (4836,1309)  (4971,1296)  (5006,1296)  (4999,1350)
Argentina  (853,2503)  (900,2503)  (808,2503)  (858,2549)  (811,2549)  (812,2595)
Poland  (2696,754)  (2712,802)  (2760,802)  (2663,823)  (2809,833)
Kiangsi  (4874,1531)  (4922,1530)  (4825,1532)  (4824,1572)  (4867,1580)  (4945,1479)  (4813,1465)  (4916,1585)
Union of South Africa  (2760,3044)  (2610,3136)  (2675,3143)  (2724,3143)
Alaska  (7125,101)  (7080,108)  (7036,120)  (7051,168)  (7094,148)  (7205,109)  (7252,109)  (7308,109)  (7329,158)  (7355,107)  (7388,165)  (6990,130)  (7008,189)  (7414,112)
Bessarabia  (2971,1000)  (2981,1038)  (2992,1080)
Bulgaria  (2811,1202)  (2759,1202)  (2861,1203)  (2766,1247)  (2813,1249)  (2877,1246)
34 Sea Zone  (5689,1966)  (5643,2011)  (5643,1965)  (5734,2012)  (5689,1920)  (5735,1920)  (5735,1966)  (5641,1919)  (5688,2057)  (5642,2057)  (5597,2011)  (5597,1965)  (5780,2012)  (5780,2058)  (5734,2058)  (5596,2058)  (5687,1874)  (5733,1874)  (5779,1874)  (5781,1920)  (5781,1966)  (5595,1919)  (5595,1873)  (5641,1873)  (5688,2103)  (5822,2104)  (5776,2104)  (5687,1828)  (5733,1828)  (5779,1828)  (5577,1827)
Aleutian Islands  (6942,348)  (6893,360)  (6990,330)
109 Sea Zone  (1708,573)  (1662,618)  (1662,572)  (1731,619)  (1754,544)  (1777,590)  (1685,664)  (1731,665)  (1784,681)  (1824,526)  (1655,444)  (1849,480)  (1874,430)
Germany  (2538,776)  (2588,776)  (2490,777)  (2516,825)  (2465,826)  (2565,825)
Norway  (2462,223)  (2510,223)  (2405,276)  (2456,274)  (2402,323)  (2401,369)  (2355,377)  (2607,86)  (2650,54)
Central America  (446,1415)  (394,1412)  (472,1512)  (482,1559)
Northern Italy  (2300,1151)  (2348,1139)  (2313,1199)  (2357,1187)  (2225,1115)  (2221,1067)  (2424,1077)  (2390,1035)
117 Sea Zone  (1252,304)  (1206,349)  (1206,303)  (1297,350)  (1252,258)  (1298,258)  (1298,304)  (1204,257)  (1251,395)  (1205,395)  (1343,350)  (1343,396)  (1297,396)  (1250,212)  (1296,212)  (1342,212)  (1344,258)  (1344,304)  (1170,211)  (1251,441)  (1205,441)  (1365,442)  (1319,442)  (1216,166)  (1262,166)  (1308,166)  (1354,166)  (1170,165)
Japan  (5747,909)  (5771,861)  (5798,822)  (5814,776)  (5807,731)  (5551,995)  (5600,987)  (5846,595)  (5857,547)  (5901,575)  (5648,998)
64 Sea Zone  (187,1724)  (141,1769)  (141,1723)  (232,1770)  (187,1678)  (233,1678)  (233,1724)  (139,1677)  (186,1815)  (140,1815)  (95,1769)  (95,1723)  (278,1770)  (278,1816)  (232,1816)  (94,1816)  (185,1632)  (231,1632)  (277,1632)  (279,1678)  (279,1724)  (93,1677)  (93,1631)  (139,1631)  (323,1588)  (186,1861)  (140,1861)  (49,1770)  (49,1724)  (324,1770)  (324,1816)  (324,1862)  (278,1862)  (232,1862)  (94,1862)  (48,1862)  (48,1816)  (185,1586)  (231,1586)  (277,1586)  (325,1634)  (325,1680)  (47,1678)  (47,1632)  (47,1586)  (93,1585)  (139,1585)  (323,1542)  (369,1542)  (369,1588)  (186,1907)  (140,1907)  (3,1770)  (3,1724)  (370,1726)  (370,1772)  (370,1818)  (370,1864)  (324,1908)  (278,1908)  (232,1908)  (94,1908)  (48,1908)  (2,1908)  (2,1862)  (2,1816)  (2,1540)  (185,1540)  (231,1540)  (277,1540)  (371,1634)  (371,1680)  (1,1678)  (1,1632)  (1,1586)  (48,1539)  (94,1539)  (372,1910)  (323,1496)  (369,1496)  (415,1500)  (415,1546)  (186,1953)  (140,1953)  (416,1726)  (416,1772)  (416,1818)  (416,1864)  (326,1954)  (280,1954)  (234,1954)  (94,1954)  (48,1954)  (2,1954)  (0,1494)  (140,1494)  (186,1494)  (232,1494)  (417,1592)  (417,1638)  (46,1493)  (92,1493)  (418,1910)  (418,1956)  (372,1956)  (278,1450)  (324,1450)  (188,1999)  (142,1999)  (462,1684)  (462,1730)  (462,1776)  (462,1822)  (326,2000)  (280,2000)  (234,2000)  (96,2000)  (50,2000)  (4,2000)  (0,1448)  (138,1448)  (184,1448)  (230,1448)  (463,1603)  (46,1447)  (92,1447)  (464,1868)  (464,1914)  (464,1960)  (418,2002)  (372,2002)  (468,2006)  (188,2045)  (142,2045)  (508,1649)  (508,1695)  (508,1741)  (326,2046)  (280,2046)  (234,2046)  (96,2046)  (50,2046)  (4,2046)  (0,1402)  (138,1402)  (184,1402)  (230,1402)  (46,1401)  (92,1401)  (510,1929)  (422,2048)  (376,2048)  (514,1975)  (476,2052)  (188,2091)  (142,2091)  (554,1653)  (330,2092)  (284,2092)  (238,2092)  (96,2092)  (50,2092)  (4,2092)  (0,1356)  (138,1356)  (184,1356)  (46,1355)  (92,1355)  (430,2094)  (384,2094)  (192,2137)  (146,2137)  (338,2138)  (292,2138)  (246,2138)  (100,2138)  (54,2138)  (8,2138)  (0,1310)  (138,1310)  (46,1309)  (92,1309)  (388,2140)  (0,1264)  (46,1263)  (0,1218)  (0,1172)  (0,1126)
Tambov  (3414,857)  (3458,856)  (3414,897)  (3460,901)  (3368,857)  (3324,857)  (3507,857)  (3507,902)
New South Wales  (5902,2937)  (5872,2982)  (5920,2985)  (5955,2949)  (5863,2908)  (5903,2891)  (6005,2956)
56 Sea Zone  (5196,2884)  (5150,2929)  (5150,2883)  (5235,2930)  (5196,2838)  (5148,2837)  (5189,2975)  (5143,2975)  (5104,2929)  (5104,2883)  (5262,2976)  (5194,2792)  (5102,2837)  (5102,2791)  (5148,2791)  (5097,2982)  (5240,2780)  (5286,2761)  (5216,3021)  (5170,3021)  (5058,2936)  (5058,2890)  (5287,3022)  (5194,2746)  (5056,2844)  (5056,2798)  (5105,2745)  (5124,3028)  (5078,3028)  (5051,2982)  (5332,2735)  (5240,2734)  (5286,2715)  (5241,3067)  (5195,3067)  (5379,3068)  (5333,3068)  (5287,3068)  (5151,2700)  (5149,3074)  (5103,3074)  (5057,3074)  (5332,2689)  (5197,2688)  (5243,2669)  (5241,3113)  (5195,3113)  (5425,3047)  (5425,3093)  (5379,3114)  (5333,3114)  (5287,3114)  (5149,3120)  (5103,3120)  (5057,3120)  (5289,2643)  (5335,2643)  (5430,3139)  (5227,2623)  (5241,3159)  (5195,3159)  (5384,3160)  (5338,3160)  (5292,3160)  (5149,3166)  (5103,3166)  (5057,3166)  (5273,2597)  (5319,2597)  (5365,2597)
97 Sea Zone  (2568,1440)  (2522,1485)  (2522,1439)  (2613,1486)  (2568,1394)  (2614,1394)  (2614,1440)  (2520,1393)  (2659,1486)  (2566,1348)  (2543,1302)  (2497,1260)  (2452,1214)
Novosibirsk  (3793,543)  (3841,543)  (3791,590)  (3836,592)  (3788,637)  (3834,638)  (3782,685)  (3841,685)  (3792,733)  (3838,734)  (3800,787)  (3850,786)  (3805,836)  (3855,838)
125 Sea Zone  (2285,58)  (2331,58)  (2236,57)  (2254,103)  (2303,105)  (2352,105)  (2376,56)  (2327,9)  (2277,10)  (2207,102)  (2402,106)
Java  (4738,2590)  (4687,2592)  (4784,2601)  (4833,2614)  (4883,2606)
92 Sea Zone  (1921,1453)  (1875,1498)  (1959,1499)  (1959,1407)  (1967,1453)  (2005,1385)  (1829,1520)  (2013,1431)  (2013,1477)
India  (3988,1912)  (3939,1916)  (4036,1921)  (3930,1964)  (3984,1962)  (4032,1963)  (3924,2008)  (3941,1864)  (3939,1813)  (3990,1863)  (4036,1872)
9 Sea Zone  (7139,727)  (7093,772)  (7093,726)  (7184,773)  (7139,681)  (7185,681)  (7185,727)  (7091,680)  (7138,818)  (7092,818)  (7230,773)  (7230,819)  (7184,819)  (7137,635)  (7183,635)  (7229,635)  (7231,681)  (7231,727)  (7054,634)  (7138,864)  (7092,864)  (7241,865)  (7195,865)  (7100,589)  (7146,589)  (7192,589)  (7238,589)  (7054,588)  (7149,910)  (7103,910)  (7057,910)  (7241,911)  (7195,911)  (7100,543)  (7146,543)  (7192,543)  (7238,543)  (7054,542)  (7149,956)  (7103,956)  (7057,956)  (7241,957)  (7195,957)  (7100,497)  (7146,497)  (7192,497)  (7238,497)  (7054,496)  (7149,1002)  (7241,1003)  (7195,1003)  (7100,451)  (7146,451)  (7192,451)  (7238,451)
128 Sea Zone  (3467,1264)  (3496,1313)  (3530,1362)  (3512,1227)  (3544,1415)
Tsinghai  (4016,1140)  (3970,1185)  (3970,1139)  (4061,1186)  (4065,1137)  (4114,1137)  (4108,1184)  (4020,1197)  (3973,1233)  (4023,1244)  (4082,1235)
Greenland  (810,33)  (859,46)  (909,49)  (959,47)  (898,96)  (953,97)
72 Sea Zone  (2994,2826)  (2994,2872)  (2994,2918)  (2994,2964)  (2994,3010)  (2994,3056)  (2994,3102)  (2994,3148)  (3019,2563)  (3032,2609)  (3034,2775)  (3037,2698)  (3040,2821)  (3040,2867)  (3040,2913)  (3040,2959)  (3040,3159)  (3065,2559)  (3078,2605)  (3078,2651)  (3080,2744)  (3083,2697)  (3086,2790)  (3086,2836)  (3086,3163)  (3124,2596)  (3124,2642)  (3126,2743)  (3129,2688)  (3132,2789)  (3132,2835)  (3132,3152)  (3170,2596)  (3170,2642)  (3172,2734)  (3175,2688)  (3178,2780)  (3178,3133)  (3202,3078)  (3216,2596)  (3216,2642)  (3218,2734)  (3221,2688)  (3224,3124)  (3230,3029)  (3248,3075)  (3253,2982)  (3262,2596)  (3262,2642)  (3267,2688)  (3267,2933)  (3270,3121)  (3276,3028)  (3293,2883)  (3294,3074)  (3298,2734)  (3299,2979)  (3304,2780)  (3308,2596)  (3308,2642)  (3309,2826)
48 Sea Zone  (6531,2095)  (6529,2039)  (6581,2015)  (6582,2070)  (6539,2153)  (6586,2150)  (6532,2208)  (6589,2213)  (6390,2246)  (6377,2204)  (6356,2153)  (6355,2096)  (6405,2086)  (6356,2038)  (6434,2026)  (6451,2259)
81 Sea Zone  (3008,1866)  (3029,1912)  (2986,1820)  (3035,1958)  (2972,1774)  (3048,2004)
Szechwan  (4164,1540)  (4118,1585)  (4118,1539)  (4209,1586)  (4164,1494)  (4210,1494)  (4210,1540)  (4117,1493)  (4163,1631)  (4117,1631)  (4072,1585)  (4219,1632)  (4071,1632)  (4167,1591)  (4106,1678)  (4157,1684)
33 Sea Zone  (5946,1904)  (5996,1901)  (6046,1902)  (6095,1903)  (5896,1921)  (5897,1872)  (5945,1852)  (5994,1849)  (6048,1852)  (6105,1848)  (6147,1908)  (6166,1960)  (6210,1956)  (6215,2006)  (6164,2020)  (6219,2061)  (6112,2045)  (6053,2090)  (6108,2093)  (6175,2077)  (5999,2096)  (5929,2073)  (5875,2058)  (5934,2132)  (5988,2149)  (6064,2152)  (6128,2150)  (6192,2147)  (6243,2124)
57 Sea Zone  (4634,2883)  (4588,2928)  (4588,2882)  (4679,2929)  (4634,2837)  (4680,2837)  (4680,2883)  (4586,2836)  (4633,2974)  (4587,2974)  (4542,2928)  (4542,2882)  (4725,2929)  (4725,2975)  (4679,2975)  (4541,2975)  (4726,2800)  (4726,2846)  (4540,2836)  (4496,2929)  (4496,2883)  (4771,2892)  (4771,2938)  (4771,2984)  (4495,3004)  (4772,2800)  (4772,2846)  (4494,2837)  (4450,2958)  (4450,2912)  (4817,2892)  (4817,2938)  (4817,2984)  (4449,3004)  (4818,2800)  (4818,2846)  (4448,2866)  (4448,2820)  (4404,2958)  (4404,2912)  (4863,2892)  (4863,2938)  (4863,2984)  (4403,3004)  (4864,2800)  (4864,2846)  (4402,2866)  (4402,2820)  (4358,2958)  (4358,2912)  (4909,2892)  (4909,2938)  (4909,2984)  (4357,3004)  (4910,2800)  (4910,2846)  (4356,2866)  (4356,2820)  (4955,2892)  (4955,2938)  (4955,2984)  (4956,2800)  (4956,2846)  (5001,2892)  (5001,2938)  (5001,2984)  (5002,2800)  (5002,2846)
British Guiana  (906,1692)  (905,1733)
79 Sea Zone  (3779,2211)  (3733,2256)  (3733,2210)  (3824,2257)  (3779,2165)  (3825,2165)  (3825,2211)  (3731,2164)  (3778,2302)  (3732,2302)  (3687,2256)  (3687,2210)  (3870,2257)  (3870,2303)  (3824,2303)  (3686,2303)  (3777,2119)  (3823,2119)  (3871,2159)  (3871,2205)  (3685,2164)  (3685,2118)  (3731,2118)  (3778,2348)  (3732,2348)  (3885,2349)  (3839,2349)  (3686,2349)  (3777,2073)  (3678,2072)  (3724,2072)  (3678,2026)  (3724,2026)
Jehol  (4837,866)  (4791,911)  (4791,865)  (4878,866)  (4841,914)  (4890,915)  (4776,965)  (4818,967)  (4736,1010)  (4789,1021)  (4741,907)  (4735,861)  (4776,819)  (4918,777)  (4971,804)  (4921,836)  (4940,893)
Vologda  (3514,314)  (3560,314)  (3465,314)  (3512,359)  (3561,357)  (3465,357)  (3470,407)  (3514,408)  (3556,403)
Uruguay  (963,2425)
Libya  (2319,1726)  (2369,1726)  (2268,1725)  (2269,1775)  (2319,1776)  (2370,1776)  (2422,1744)  (2422,1795)
French West Africa  (1877,1988)  (1831,2033)  (1831,1987)  (1922,2034)  (1877,1942)  (1923,1942)  (1923,1988)  (1829,1941)  (1876,2079)  (1830,2079)  (1785,2024)  (1968,2034)  (1968,2080)  (1875,1896)  (1921,1896)  (1969,1915)  (1969,1961)  (1783,1978)  (1783,1932)  (1829,1895)  (1774,1886)  (1883,2125)  (2014,2007)  (1997,2126)  (1875,1850)  (2015,1955)  (1737,1985)  (1737,1939)  (1820,1849)  (1728,1893)  (1728,1847)  (1774,1840)  (1866,1804)  (1691,1941)  (1820,1803)  (1689,1801)  (1682,1852)  (1735,1794)  (1781,1757)  (1643,1806)
Dutch New Guinea  (5650,2400)  (5602,2376)  (5700,2400)
Sicily  (2353,1435)  (2402,1430)  (2401,1476)
Italian Somaliland  (3019,2395)  (3140,2317)
83 Sea Zone  (1754,2433)  (1708,2478)  (1708,2432)  (1799,2479)  (1754,2387)  (1800,2387)  (1800,2433)  (1706,2386)  (1753,2524)  (1707,2524)  (1662,2478)  (1662,2432)  (1845,2479)  (1845,2525)  (1799,2525)  (1661,2525)  (1752,2341)  (1798,2341)  (1844,2341)  (1846,2387)  (1846,2433)  (1660,2386)  (1660,2340)  (1706,2340)  (1753,2570)  (1707,2570)  (1882,2571)  (1836,2571)  (1661,2571)  (1752,2295)  (1798,2295)  (1844,2295)  (1640,2294)  (1686,2294)  (1790,2616)  (1744,2616)  (1882,2617)  (1836,2617)  (1698,2617)  (1652,2617)  (1732,2249)  (1778,2249)  (1824,2249)  (1870,2249)  (1640,2248)  (1686,2248)  (1790,2662)  (1744,2662)  (1882,2663)  (1836,2663)  (1698,2663)  (1652,2663)  (1732,2203)  (1640,2202)  (1686,2202)  (1640,2156)
Ontario  (498,521)  (540,520)  (370,489)  (416,480)  (456,502)  (555,562)
77 Sea Zone  (3524,2554)  (3478,2599)  (3478,2553)  (3569,2600)  (3524,2508)  (3570,2508)  (3570,2554)  (3476,2507)  (3523,2645)  (3477,2645)  (3432,2599)  (3432,2553)  (3615,2600)  (3615,2646)  (3569,2646)  (3431,2646)  (3522,2462)  (3568,2462)  (3614,2462)  (3616,2508)  (3616,2554)  (3430,2507)  (3430,2461)  (3476,2461)  (3660,2418)  (3523,2691)  (3477,2691)  (3386,2600)  (3386,2554)  (3661,2600)  (3661,2646)  (3661,2692)  (3615,2692)  (3569,2692)  (3431,2692)  (3385,2692)  (3385,2646)  (3522,2416)  (3568,2416)  (3614,2416)  (3662,2464)  (3662,2510)  (3384,2508)  (3384,2462)  (3384,2416)  (3430,2415)  (3476,2415)  (3523,2737)  (3477,2737)  (3685,2738)  (3639,2738)  (3593,2738)  (3431,2738)  (3385,2738)
Ulaanbaatar  (4719,548)  (4769,540)  (4818,552)  (4867,572)  (4879,522)  (4687,499)  (4733,460)  (4787,456)  (4928,509)
82 Sea Zone  (2083,2434)  (2037,2479)  (2037,2433)  (2128,2480)  (2083,2388)  (2129,2388)  (2129,2434)  (2035,2387)  (2082,2525)  (2036,2525)  (1991,2479)  (1991,2433)  (2174,2480)  (2174,2526)  (2128,2526)  (1990,2526)  (2081,2342)  (2127,2342)  (2173,2342)  (2175,2388)  (2175,2434)  (1989,2387)  (1989,2341)  (2035,2341)  (2082,2571)  (2036,2571)  (1945,2480)  (1945,2434)  (2220,2480)  (2220,2526)  (2220,2572)  (2174,2572)  (2128,2572)  (1990,2572)  (1944,2572)  (1944,2526)  (2081,2296)  (2127,2296)  (2221,2410)  (1943,2388)  (1943,2342)  (1943,2296)  (1989,2295)  (2035,2295)  (2082,2617)  (2036,2617)  (2239,2618)  (2193,2618)  (2147,2618)  (1990,2618)  (1944,2618)  (1928,2250)  (2081,2250)  (1974,2249)  (2020,2249)  (2101,2663)  (2055,2663)  (2239,2664)  (2193,2664)  (2147,2664)  (2009,2664)  (1963,2664)
Sumatra  (4444,2476)  (4401,2437)  (4484,2513)  (4330,2393)  (4527,2532)  (4527,2579)
Brazil  (1086,2035)  (1132,2035)  (1040,2035)  (1088,2081)  (1136,2083)  (1035,2081)  (1092,2126)  (1140,2131)  (1046,2130)  (1092,2172)  (1050,2177)  (1142,2177)
Kwangtung  (4833,1725)  (4788,1725)  (4738,1725)  (4846,1654)  (4749,1772)  (4818,1767)
31 Sea Zone  (6390,1575)  (6344,1620)  (6344,1574)  (6435,1621)  (6390,1529)  (6436,1529)  (6436,1575)  (6342,1528)  (6389,1666)  (6347,1490)  (6390,1440)  (6405,1490)  (6444,1444)  (6492,1447)  (6488,1509)  (6485,1569)  (6488,1622)  (6459,1685)
127 Sea Zone  (2946,12)  (2900,19)  (2991,58)  (2966,104)  (2939,150)  (3098,0)
Venezuela  (789,1665)  (837,1664)  (793,1714)  (716,1626)  (668,1598)  (860,1612)
25 Sea Zone  (6612,1147)  (6566,1192)  (6566,1146)  (6657,1193)  (6612,1101)  (6658,1101)  (6658,1147)  (6564,1100)  (6611,1238)  (6565,1238)  (6520,1192)  (6520,1146)  (6703,1193)  (6519,1239)  (6610,1055)  (6656,1055)  (6702,1055)  (6704,1101)  (6704,1147)  (6518,1100)  (6518,1054)  (6564,1054)  (6717,1239)  (6748,1017)  (6629,1284)  (6583,1284)  (6474,1193)  (6474,1147)  (6749,1193)  (6749,1285)  (6537,1285)  (6491,1285)  (6473,1239)  (6750,1063)  (6750,1109)  (6472,1101)  (6472,1055)  (6703,1293)  (6763,1239)  (6528,1331)  (6482,1331)
South Australia  (5674,2899)  (5695,2948)  (5550,2898)  (5497,2905)  (5470,2956)  (5724,2903)  (5745,2971)
Marianas  (5778,1590)  (5772,1548)  (5807,1654)
103 Sea Zone  (1346,985)  (1300,1030)  (1300,984)  (1391,1031)  (1346,939)  (1392,939)  (1392,985)  (1298,938)  (1345,1076)  (1299,1076)  (1254,1030)  (1254,984)  (1437,1031)  (1437,1077)  (1391,1077)  (1253,1077)  (1344,893)  (1390,893)  (1436,893)  (1438,939)  (1438,985)  (1252,938)  (1252,892)  (1298,892)  (1482,849)  (1345,1122)  (1299,1122)  (1483,1031)  (1483,1077)  (1483,1123)  (1437,1123)  (1391,1123)  (1253,1123)  (1344,847)  (1390,847)  (1436,847)  (1484,895)  (1484,941)  (1217,846)  (1263,846)  (1482,803)  (1345,1168)  (1299,1168)  (1510,1169)  (1464,1169)  (1418,1169)  (1253,1169)  (1309,801)  (1355,801)  (1401,801)  (1217,800)  (1263,800)  (1372,1214)  (1326,1214)  (1510,1215)  (1464,1215)  (1418,1215)  (1280,1215)  (1234,1215)
Volgograd  (3476,1016)  (3426,1016)  (3526,1017)  (3399,1068)  (3449,1068)  (3499,1068)  (3577,1016)
53 Sea Zone  (6522,2653)  (6476,2698)  (6476,2652)  (6567,2699)  (6522,2607)  (6568,2607)  (6568,2653)  (6474,2606)  (6521,2744)  (6475,2744)  (6430,2695)  (6613,2699)  (6613,2745)  (6567,2745)  (6614,2581)  (6614,2627)  (6428,2649)  (6428,2603)  (6659,2673)  (6659,2719)  (6660,2581)  (6660,2627)  (6382,2665)  (6382,2619)
Spain  (1817,1289)  (1865,1289)  (1821,1336)  (1873,1338)  (1771,1337)  (1767,1288)  (1827,1388)  (1769,1391)  (1881,1393)
Yugoslavia  (2583,1128)  (2533,1128)  (2481,1123)  (2634,1129)  (2686,1128)
Western Australia  (5364,2893)  (5318,2938)  (5318,2892)  (5409,2939)  (5423,2880)  (5362,2957)  (5335,3000)  (5422,2996)
47 Sea Zone  (6092,2296)  (6142,2299)  (6094,2238)  (6145,2239)  (6204,2244)  (6260,2243)  (6205,2302)  (6188,2355)  (6141,2359)  (6096,2358)  (6037,2284)  (5985,2288)  (5960,2245)  (6018,2234)
Hawaiian Islands  (6838,1426)  (6789,1394)  (6728,1361)  (6889,1483)
5 Sea Zone  (5883,334)  (5837,379)  (5837,333)  (5928,380)  (5883,288)  (5929,288)  (5929,334)  (5835,287)  (5791,384)  (5791,338)  (5974,380)  (5789,292)  (5756,430)  (6020,376)  (5728,476)  (6066,372)  (5700,522)  (6103,252)  (6106,298)  (5654,562)  (6112,344)  (6149,224)  (6152,270)  (6158,316)  (6158,362)  (6198,226)  (6204,272)  (6204,318)  (6204,364)
Rio de Oro  (1711,1681)
Ethiopia  (2913,2269)  (2961,2269)  (2864,2269)  (2912,2314)  (2862,2316)  (2961,2318)
44 Sea Zone  (5258,2364)  (5212,2409)  (5303,2410)  (5304,2357)  (5229,2297)  (5349,2403)  (5350,2341)  (5351,2266)  (5170,2236)  (5123,2230)  (5395,2387)  (5396,2330)  (5397,2225)  (5397,2271)  (5055,2431)
8 Sea Zone  (6707,416)  (6661,461)  (6661,415)  (6752,462)  (6707,370)  (6753,370)  (6753,416)  (6659,369)  (6706,507)  (6660,507)  (6615,461)  (6615,415)  (6798,462)  (6798,508)  (6752,508)  (6614,508)  (6705,324)  (6751,324)  (6797,324)  (6799,370)  (6799,416)  (6613,369)  (6613,323)  (6659,323)  (6843,303)  (6569,462)  (6569,416)  (6844,462)  (6844,508)  (6568,530)  (6845,349)  (6567,370)  (6567,324)  (6889,303)  (6895,459)  (6948,460)  (6898,512)  (6950,511)
126 Sea Zone  (2483,44)  (2475,92)  (2521,2)
Novgorod  (3017,316)  (2981,366)  (3033,367)  (2939,418)  (2988,418)  (2967,469)  (3038,416)
1 Sea Zone  (7246,322)  (7200,367)  (7200,321)  (7291,368)  (7246,276)  (7292,276)  (7292,322)  (7198,275)  (7154,404)  (7154,358)  (7337,368)  (7244,230)  (7290,230)  (7338,242)  (7338,288)  (7108,404)  (7108,358)  (7383,334)  (7383,380)  (7384,267)  (7429,326)  (7429,372)
Gibraltar  (1748,1452)  (1791,1452)
98 Sea Zone  (2865,1588)  (2819,1612)  (2911,1570)  (2911,1616)  (2773,1610)  (2957,1570)  (2957,1616)
91 Sea Zone  (1557,1513)  (1511,1558)  (1511,1512)  (1602,1559)  (1557,1467)  (1603,1468)  (1509,1466)  (1556,1604)  (1510,1604)  (1465,1558)  (1465,1512)  (1648,1514)  (1648,1560)  (1602,1605)  (1464,1605)  (1555,1421)  (1601,1421)  (1649,1606)  (1463,1466)  (1463,1420)  (1509,1420)  (1664,1468)  (1556,1650)  (1510,1650)  (1694,1514)  (1603,1651)  (1464,1651)  (1555,1375)  (1449,1374)  (1495,1374)  (1710,1465)  (1557,1696)  (1511,1696)  (1614,1697)  (1465,1697)  (1541,1329)  (1587,1329)  (1449,1328)  (1495,1328)
Finland  (2732,104)  (2731,152)  (2744,299)  (2758,251)  (2763,202)
British  Columbia  (7591,356)  (7640,352)  (7537,355)  (7538,262)  (7646,259)  (7504,407)
78 Sea Zone  (3832,2552)  (3786,2597)  (3786,2551)  (3877,2598)  (3832,2506)  (3878,2506)  (3878,2552)  (3784,2505)  (3831,2643)  (3785,2643)  (3740,2597)  (3740,2551)  (3736,2651)  (3737,2702)  (3791,2699)  (3839,2698)  (3892,2693)  (3764,2748)  (3802,2744)  (3749,2451)  (3757,2411)  (3812,2402)  (3866,2414)  (3817,2457)  (3855,2745)
Suriname  (975,1728)
107 Sea Zone  (1261,599)  (1215,644)  (1215,598)  (1306,645)  (1261,553)  (1307,553)  (1307,599)  (1213,552)  (1260,690)  (1214,690)  (1352,645)  (1352,691)  (1306,691)  (1259,507)  (1305,507)  (1351,507)  (1353,553)  (1353,599)  (1170,506)
United Kingdom  (1887,577)  (1936,577)  (1986,577)  (2036,576)  (1903,634)  (1952,633)  (2001,634)  (2050,636)
110 Sea Zone  (1830,686)  (1830,732)  (1830,778)  (1876,685)  (1876,731)  (1922,685)  (1922,731)  (1968,694)  (1968,740)  (2014,696)  (2060,696)  (2083,491)  (2117,537)  (2117,607)  (2117,653)  (2129,491)  (2163,537)  (2163,583)  (2209,533)
Anglo Egyptian Sudan  (2722,2097)  (2676,2142)  (2676,2096)  (2767,2143)  (2722,2051)  (2768,2051)  (2768,2097)  (2674,2050)  (2721,2188)  (2675,2188)  (2630,2142)  (2630,2096)  (2629,2189)  (2720,2005)  (2766,2005)  (2812,2005)  (2814,2051)  (2814,2097)  (2672,2004)  (2858,1961)  (2720,2234)  (2584,2143)  (2674,2235)  (2628,2235)  (2583,2189)  (2718,1959)  (2764,1959)  (2810,1959)  (2860,2007)  (2860,2053)  (2582,2236)  (2904,1924)  (2538,2143)  (2687,2281)  (2641,2281)  (2537,2190)  (2906,1970)  (2906,2016)  (2906,2062)  (2595,2282)  (2950,1922)  (2704,2327)  (2658,2327)  (2952,1968)  (2952,2014)  (2952,2060)  (2612,2328)  (2712,2373)  (2666,2373)
14 Sea Zone  (6893,759)  (6847,804)  (6847,758)  (6938,805)  (6893,713)  (6939,713)  (6939,759)  (6845,712)  (6892,850)  (6846,850)  (6801,804)  (6801,758)  (6984,805)  (6984,851)  (6938,851)  (6800,851)  (6891,667)  (6937,667)  (6983,667)  (6985,713)  (6985,759)  (6799,712)  (6799,666)  (6845,666)  (6892,896)  (6846,896)  (7008,897)  (6962,897)  (6800,897)  (6891,621)  (6937,621)  (6983,621)  (6792,620)  (6838,620)  (6916,942)  (6870,942)  (7008,943)  (6962,943)  (6824,943)
111 Sea Zone  (2110,345)  (2064,390)  (2064,344)  (2155,391)  (2110,299)  (2156,299)  (2156,345)  (2109,436)  (2167,437)  (2092,253)  (2138,253)  (2079,207)  (2125,207)  (2033,170)  (2079,161)  (2125,161)
36 Sea Zone  (4876,1961)  (4875,1910)  (4927,1899)  (4935,1947)  (4988,2001)  (4995,1946)  (5037,1900)  (4922,2007)  (4928,2062)  (4821,2057)  (4773,2064)  (4785,2122)  (4839,2114)  (4977,1899)  (4984,2073)
88 Sea Zone  (1188,1649)  (1142,1694)  (1142,1648)  (1233,1695)  (1188,1603)  (1234,1603)  (1234,1649)  (1140,1602)  (1187,1740)  (1141,1740)  (1096,1694)  (1096,1648)  (1279,1695)  (1279,1741)  (1233,1741)  (1095,1741)  (1280,1583)  (1280,1629)  (1094,1602)  (1050,1659)  (1325,1675)  (1325,1721)  (1325,1767)  (1326,1583)  (1326,1629)  (1048,1613)  (1371,1675)  (1371,1721)  (1371,1767)  (1372,1583)  (1372,1629)  (1002,1646)  (1002,1600)  (956,1631)  (956,1585)
Anhwe  (4707,1235)  (4661,1280)  (4661,1234)  (4752,1281)  (4707,1189)  (4753,1189)  (4753,1235)  (4706,1326)  (4660,1326)  (4615,1280)  (4761,1327)  (4709,1378)
Smolensk  (3204,521)  (3253,521)  (3206,570)  (3257,570)  (3205,619)  (3256,619)
Kazakhstan  (3737,1208)  (3691,1253)  (3691,1207)  (3782,1254)  (3737,1162)  (3783,1162)  (3783,1208)  (3689,1161)  (3736,1299)  (3690,1299)  (3645,1253)  (3645,1207)  (3828,1254)  (3828,1300)  (3782,1300)  (3735,1116)  (3781,1116)  (3827,1116)  (3829,1162)  (3829,1208)  (3643,1161)  (3643,1115)  (3689,1115)  (3610,1299)  (3873,1073)  (3599,1253)  (3599,1207)  (3874,1254)  (3874,1300)  (3874,1346)  (3828,1346)  (3782,1346)  (3804,1070)  (3875,1119)  (3875,1165)  (3597,1128)  (3864,1392)  (3818,1392)  (3772,1392)  (3862,1438)  (3816,1438)  (3868,1484)  (3822,1484)  (3857,1530)  (3811,1530)
Tanganyika Territory  (2860,2683)  (2814,2728)  (2814,2682)  (2905,2729)  (2860,2637)  (2906,2637)  (2906,2683)  (2812,2636)  (2843,2774)  (2768,2738)  (2768,2692)  (2951,2729)  (2952,2632)  (2952,2678)  (2766,2646)  (2766,2600)  (2830,2590)
Hainan  (4766,1950)  (4718,1955)  (4814,1940)
Tsagaan Olom  (4320,690)  (4369,694)  (4417,689)  (4378,747)